
STATIONS_ID;MESS_DATUM;QN_3;  FX;  FM;QN_4; RSK;RSKF; SDK;SHK_TAG;  NM; VPM;  PM; TMK; UPM; TXK; TNK; TGK;eor
       3126;20240517;   10;  12.9;   3.6;    9;   0.0;   0;    5.600;   0;   6.4;  11.0;  998.40;   19.8;   49.00;   25.5;   14.1;    9.5;eor
       3126;20240518;   10;   5.1;   1.5;    9;   0.0;   6;    0.200;   0;   7.2;  12.3; 1000.00;   15.8;   69.00;   19.2;   11.9;    7.2;eor
       3126;20240519;   10;   6.8;   1.4;    9;   1.6;   6;    3.800;   0;   6.0;  13.8;  999.30;   15.3;   80.00;   20.4;    9.6;    6.1;eor
       3126;20240520;   10;   5.6;   1.3;    9;   0.0;   6;    4.700;   0;   5.0;  14.0; 1001.20;   17.0;   75.00;   23.4;   11.6;    8.2;eor
       3126;20240521;   10;  11.6;   2.9;    9;   7.2;   6;    6.400;   0;   5.1;  14.8;  998.90;   19.9;   67.00;   27.0;   10.4;    6.9;eor
       3126;20240522;   10;   9.3;   2.3;    9;   2.2;   6;    0.000;   0;   7.7;  16.9;  998.00;   16.3;   91.00;   18.1;   15.1;   14.4;eor
       3126;20240523;   10;   8.5;   2.5;    9;   0.0;   0;   13.100;   0;   2.3;  13.9; 1004.50;   17.8;   71.00;   23.4;   12.5;    9.4;eor
       3126;20240524;   10;  10.9;   2.1;    9;  11.0;   6;    6.000;   0;   5.6;  15.1; 1007.60;   17.8;   76.00;   25.8;   12.8;    9.6;eor
       3126;20240525;   10;   5.7;   1.5;    9;   0.0;   0;    6.500;   0;   6.2;  15.9; 1007.00;   18.6;   76.00;   24.2;   14.8;   12.2;eor
       3126;20240526;   10;   7.9;   2.0;    9;   0.4;   6;   12.500;   0;   4.0;  15.6; 1007.20;   20.1;   69.00;   25.9;   13.3;   10.0;eor
       3126;20240527;   10;  12.3;   1.4;    9;  14.3;   6;    3.700;   0;   6.6;  16.3; 1006.20;   18.7;   76.00;   23.7;   15.1;   14.6;eor
       3126;20240528;   10;   8.5;   2.4;    9;   0.1;   6;    4.300;   0;   5.1;  13.6; 1006.70;   15.5;   78.00;   19.9;   10.8;    7.5;eor
       3126;20240529;   10;   9.6;   2.8;    9;   1.2;   6;    1.600;   0;   7.2;  14.0; 1001.70;   15.9;   78.00;   20.7;   10.3;    7.1;eor
       3126;20240530;   10;   6.8;   1.4;    9;  30.3;   6;    0.900;   0;   7.6;  16.0;  995.30;   15.7;   90.00;   19.8;   13.0;   11.4;eor
       3126;20240531;   10;   8.4;   2.3;    9;   0.0;   6;    3.000;   0;   7.1;  15.5;  997.90;   16.3;   84.00;   20.8;   13.4;   11.4;eor
       3126;20240601;   10;  17.6;   2.8;    9;  20.4;   6;    6.800;   0;   5.2;  17.6; 1001.40;   19.6;   79.00;   26.3;   15.4;   13.8;eor
       3126;20240602;   10;  11.2;   2.5;    9;   0.0;   0;    0.100;   0;   7.0;  16.1; 1006.90;   16.8;   83.00;   19.5;   13.4;   12.8;eor
       3126;20240603;   10;   8.1;   2.4;    9;   0.0;   0;    1.900;   0;   7.4;  11.5; 1007.70;   14.0;   72.00;   17.5;   12.3;   10.1;eor
       3126;20240604;   10;   6.3;   1.6;    9;   0.1;   6;    6.000;   0;   4.8;  12.8; 1003.70;   16.1;   71.00;   20.9;   12.4;    8.8;eor
       3126;20240605;   10;   9.6;   2.7;    9;   2.5;   6;    1.000;   0;   6.8;  14.3; 1001.20;   15.6;   81.00;   19.7;   11.8;    8.6;eor
       3126;20240606;   10;   7.1;   1.7;    9;   0.8;   6;   10.700;   0;   3.9;  11.2; 1006.60;   15.1;   68.00;   21.4;    7.6;    4.7;eor
       3126;20240607;   10;   6.3;   1.7;    9;   0.0;   0;    9.300;   0;   3.8;  11.2; 1007.50;   15.5;   67.00;   21.1;   10.3;    7.4;eor
       3126;20240608;   10;   9.0;   2.2;    9;   0.0;   0;   13.400;   0;   2.2;  12.2; 1000.90;   18.0;   62.00;   25.2;    9.4;    6.6;eor
       3126;20240609;   10;   8.2;   2.2;    9;   0.0;   0;   13.600;   0;   2.5;   9.8;  998.80;   15.2;   59.00;   20.6;    9.7;    6.8;eor
       3126;20240610;   10;   8.0;   2.0;    9;   2.1;   6;    5.700;   0;   5.6;  11.2;  996.40;   13.4;   74.00;   18.7;    8.7;    6.0;eor
       3126;20240611;   10;  15.3;   5.0;    9;   0.9;   6;    5.700;   0;   5.3;  10.1; 1001.30;   12.8;   69.00;   18.1;    8.7;    6.0;eor
       3126;20240612;   10;   9.7;   2.9;    9;   1.4;   6;    5.800;   0;   4.8;  10.3; 1007.00;   12.6;   71.00;   17.6;    8.4;    5.4;eor
       3126;20240613;   10;   8.7;   1.9;    9;   0.0;   0;   11.400;   0;   4.3;   9.5; 1007.30;   13.8;   63.00;   18.9;    7.5;    4.1;eor
       3126;20240614;   10;   9.9;   2.7;    9;   1.0;   6;    1.000;   0;   7.7;  12.3; 1001.30;   15.4;   69.00;   20.3;   11.0;    9.8;eor
       3126;20240615;   10;  12.6;   3.3;    9;   2.2;   6;    7.000;   0;   5.5;  12.9;  996.30;   16.7;   70.00;   21.8;   11.7;    7.9;eor
       3126;20240616;   10;   9.9;   3.0;    9;   0.0;   6;    9.400;   0;   6.2;  12.0;  999.30;   18.3;   59.00;   23.8;   11.0;    6.5;eor
       3126;20240617;   10;   8.8;   2.2;    9;   3.6;   6;    6.800;   0;   6.3;  15.1; 1002.30;   18.3;   72.00;   24.1;   13.4;    9.4;eor
       3126;20240618;   10;   7.9;   1.6;    9;   5.6;   6;    7.500;   0;   5.9;  17.5; 1003.40;   19.8;   78.00;   26.1;   13.2;   10.0;eor
       3126;20240619;   10;   6.8;   1.9;    9;   1.2;   6;    2.600;   0;   6.3;  15.8; 1006.70;   15.9;   88.00;   19.7;   10.7;    7.5;eor
       3126;20240620;   10;   6.6;   1.5;    9;   0.0;   6;    8.500;   0;   4.5;  13.3; 1011.00;   17.3;   69.00;   23.3;    8.8;    5.8;eor
       3126;20240621;   10;   7.3;   1.6;    9;   4.3;   6;    2.700;   0;   6.2;  20.3; 1002.30;   20.3;   84.00;   23.7;   15.4;   12.9;eor
       3126;20240622;   10;  10.6;   3.1;    9;   0.0;   6;    5.900;   0;   5.5;  15.3; 1001.40;   18.9;   72.00;   24.2;   14.5;   11.2;eor
       3126;20240623;   10;   8.7;   2.2;    9;   0.0;   0;    7.900;   0;   3.4;  14.7; 1008.20;   18.5;   71.00;   24.0;   13.0;   10.0;eor
       3126;20240624;   10;   5.8;   1.5;    9;   0.0;   0;   12.300;   0;   2.6;  14.1; 1010.20;   20.0;   63.00;   26.5;   12.2;    8.7;eor
       3126;20240625;   10;   8.6;   2.3;    9;   0.0;   0;   14.900;   0;   0.1;  14.9; 1007.20;   22.2;   59.00;   28.4;   12.8;   10.0;eor
       3126;20240626;   10;   8.4;   2.3;    9;   0.0;   0;   13.600;   0;   1.6;  18.3; 1001.90;   25.2;   59.00;   32.1;   14.9;   11.6;eor
       3126;20240627;   10;   8.8;   1.9;    9;   0.6;   6;    7.700;   0;   5.1;  21.4;  998.80;   24.7;   71.00;   31.8;   18.4;   16.1;eor
       3126;20240628;   10;  13.0;   2.6;    9;   0.0;   0;   10.700;   0;   2.3;  16.9; 1003.40;   22.1;   65.00;   27.2;   14.3;    9.9;eor
       3126;20240629;   10;   7.4;   1.7;    9;   3.4;   6;   10.600;   0;   2.8;  15.2; 1004.10;   23.1;   56.00;   30.1;   11.9;    8.6;eor
       3126;20240630;   10;  13.2;   3.0;    9;   0.3;   6;    1.900;   0;   7.5;  19.7;  996.00;   20.5;   82.00;   27.2;   16.8;   15.8;eor
       3126;20240701;   10;  10.9;   2.4;    9;   5.1;   6;    2.500;   0;   7.3;  15.4; 1001.80;   16.5;   82.00;   21.3;   13.4;   11.9;eor
       3126;20240702;   10;  10.9;   3.5;    9;   1.3;   6;    0.600;   0;   7.8;  14.3; 1001.80;   14.9;   84.00;   18.5;   12.2;   11.3;eor
       3126;20240703;   10;   7.4;   2.5;    9;   0.0;   6;    0.500;   0;   7.9;  12.1;  999.40;   14.8;   73.00;   19.2;   12.0;   10.6;eor
       3126;20240704;   10;  11.4;   3.0;    9;   2.3;   6;    4.500;   0;   5.3;  12.9;  997.00;   15.1;   76.00;   20.7;   10.2;    6.1;eor
       3126;20240705;   10;  10.4;   3.3;    9;   0.0;   0;    5.800;   0;   7.3;  11.7; 1000.40;   17.1;   61.00;   20.9;   11.1;    7.9;eor
       3126;20240706;   10;  15.8;   3.7;    9;   3.8;   6;    7.800;   0;   5.6;  16.3;  994.70;   20.5;   69.00;   30.8;   13.0;    9.5;eor
       3126;20240707;   10;   9.5;   2.8;    9;   0.0;   0;   13.200;   0;   4.1;  10.6; 1003.50;   18.1;   54.00;   23.7;   12.3;    9.2;eor
       3126;20240708;   10;   9.4;   2.1;    9;   0.0;   4;    8.500;   0;   5.3;  12.2; 1007.70;   20.4;   54.00;   26.4;   11.2;    7.0;eor
       3126;20240709;   10;   9.6;   2.1;    9;   0.0;   0;   14.500;   0;   2.6;  15.7; 1006.70;   25.6;   50.00;   32.2;   15.3;   12.6;eor
       3126;20240710;   10;   9.2;   1.9;    9;   4.3;   6;    5.600;   0;   5.2;  20.7; 1004.70;   23.4;   73.00;   28.0;   19.7;   17.0;eor
       3126;20240711;   10;  11.9;   1.5;    9;   0.6;   6;    6.700;   0;   5.6;  19.3; 1006.40;   21.4;   77.00;   26.3;   17.6;   15.4;eor
       3126;20240712;   10;   8.7;   1.8;    9;  10.2;   6;    0.400;   0;   7.0;  20.6; 1001.10;   20.4;   86.00;   25.0;   14.7;   13.4;eor
       3126;20240713;   10;  10.7;   3.0;    9;   0.0;   0;    6.600;   0;   5.0;  13.2; 1001.70;   17.8;   67.00;   23.4;   12.8;    9.7;eor
       3126;20240714;   10;  10.5;   1.4;    9;   0.9;   6;    8.900;   0;   6.0;  13.7; 1003.50;   19.0;   65.00;   25.0;   12.0;    9.5;eor
       3126;20240715;   10;   6.4;   1.5;    9;   3.4;   6;   13.300;   0;   2.8;  13.9; 1002.50;   22.4;   55.00;   29.3;   13.2;   10.5;eor
       3126;20240716;   10;  13.3;   3.0;    9;   0.5;   6;    6.300;   0;   5.3;  17.3; 1001.40;   21.3;   69.00;   28.6;   15.5;   13.0;eor
       3126;20240717;   10;  11.2;   3.1;    9;   0.0;   6;    4.200;   0;   5.0;  15.1; 1009.30;   18.8;   70.00;   23.7;   13.9;   10.5;eor
       3126;20240718;   10;   4.5;   1.2;    9;   0.0;   0;   11.300;   0;   2.9;  15.2; 1013.20;   20.8;   65.00;   27.3;   12.7;    9.5;eor
       3126;20240719;   10;   5.4;   1.4;    9;   0.0;   0;   10.500;   0;   3.4;  15.3; 1010.10;   23.3;   58.00;   30.1;   13.7;   10.9;eor
       3126;20240720;   10;   7.3;   1.9;    9;   0.0;   0;   12.200;   0;   2.3;  16.4; 1001.80;   24.8;   56.00;   32.1;   14.5;   11.9;eor
       3126;20240721;   10;  13.7;   1.8;    9;   7.6;   6;    8.200;   0;   3.5;  19.5;  998.10;   23.3;   71.00;   33.2;   17.0;   14.9;eor
       3126;20240722;   10;  12.4;   3.1;    9;   0.0;   0;    7.800;   0;   4.7;  16.9; 1004.50;   20.5;   71.00;   24.5;   14.9;   11.4;eor
       3126;20240723;   10;  10.6;   2.0;    9;   3.4;   6;    5.700;   0;   6.5;  16.7; 1006.20;   20.2;   73.00;   28.7;   15.0;   12.3;eor
       3126;20240724;   10;   9.7;   2.4;    9;   0.0;   6;    5.200;   0;   5.7;  15.8; 1007.30;   18.6;   75.00;   23.6;   12.7;    9.9;eor
       3126;20240725;   10;   6.0;   1.3;    9;   0.0;   0;   11.400;   0;   3.6;  13.1; 1005.30;   18.8;   64.00;   25.6;   11.0;    7.7;eor
       3126;20240726;   10;   8.4;   1.7;    9;   6.3;   6;    1.400;   0;   7.8;  16.5; 1001.70;   20.5;   69.00;   25.2;   15.6;   13.2;eor
       3126;20240727;   10;   6.0;   1.6;    9;  21.7;   6;    0.500;   0;   7.5;  20.2; 1004.00;   20.1;   86.00;   23.9;   17.2;   16.7;eor
       3126;20240728;   10;   9.7;   2.2;    9;   0.2;   6;    8.200;   0;   4.0;  15.9; 1011.30;   18.9;   75.00;   24.5;   12.7;    9.9;eor
       3126;20240729;   10;   6.0;   1.4;    9;   0.0;   0;   14.000;   0;   0.0;  12.8; 1014.50;   18.6;   63.00;   25.0;   11.1;    8.2;eor
       3126;20240730;   10;   6.9;   1.5;    9;   0.0;   0;   13.800;   0;   1.8;  14.6; 1008.20;   21.8;   60.00;   30.1;   11.4;    8.8;eor
       3126;20240731;   10;   6.1;   1.3;    9;   0.0;   6;    9.000;   0;   4.1;  17.3; 1004.20;   23.2;   64.00;   31.0;   15.3;   13.0;eor
       3126;20240801;   10;   7.2;   1.8;    9;  12.6;   6;   10.400;   0;   3.4;  17.5; 1001.60;   23.7;   62.00;   29.5;   16.1;   13.9;eor
       3126;20240802;   10;   7.0;   1.9;    9;   0.5;   6;    3.700;   0;   6.7;  17.6; 1001.20;   19.6;   78.00;   24.1;   16.0;   14.1;eor
       3126;20240803;   10;   6.3;   1.3;    9;  10.6;   6;   11.600;   0;   4.0;  16.6; 1001.20;   21.5;   67.00;   27.9;   14.6;   12.5;eor
       3126;20240804;   10;  11.7;   2.9;    9;   0.0;   0;    5.800;   0;   6.2;  17.1; 1002.20;   20.1;   73.00;   24.2;   14.3;   12.7;eor
       3126;20240805;   10;   5.6;   1.5;    9;   0.0;   0;    7.600;   0;   4.9;  13.7; 1005.60;   18.4;   67.00;   24.0;   11.8;    9.5;eor
       3126;20240806;   10;   6.6;   1.8;    9;   0.0;   0;   13.500;   0;   1.3;  14.8; 1003.40;   21.4;   61.00;   27.9;   12.9;   10.5;eor
       3126;20240807;   10;  10.3;   1.6;    9;   0.0;   6;    8.900;   0;   4.5;  17.6; 1001.00;   22.8;   66.00;   30.8;   15.1;   11.8;eor
       3126;20240808;   10;   6.0;   1.5;    9;   0.0;   0;    3.100;   0;   5.8;  16.2; 1005.80;   19.5;   73.00;   23.6;   15.2;   11.6;eor
       3126;20240809;   10;  11.7;   3.4;    9;   0.4;   6;    0.700;   0;   6.9;  17.6; 1005.10;   20.2;   75.00;   25.4;   14.7;   11.1;eor
       3126;20240810;   10;  11.0;   2.3;    9;   0.0;   6;   11.800;   0;   2.9;  16.7; 1009.20;   21.3;   69.00;   26.7;   15.4;   11.2;eor
       3126;20240811;   10;   5.9;   1.6;    9;   0.0;   0;    8.700;   0;   3.8;  15.4; 1011.10;   21.6;   61.00;   27.3;   14.9;   11.2;eor
       3126;20240812;   10;   5.9;   1.4;    9;   0.0;   0;   13.100;   0;   2.9;  14.7; 1005.90;   22.0;   59.00;   29.4;   12.5;    9.4;eor
       3126;20240813;   10;   6.9;   2.0;    9;   0.0;   0;   11.600;   0;   2.5;  15.9; 1002.10;   25.5;   51.00;   33.9;   15.7;   12.6;eor
       3126;20240814;   10;   8.7;   1.8;    9;   0.6;   6;   10.200;   0;   5.2;  19.0; 1001.10;   25.4;   59.00;   31.2;   18.7;   16.3;eor
       3126;20240815;   10;   8.3;   2.1;    9;   0.0;   0;    8.200;   0;   3.8;  20.7; 1005.30;   23.3;   74.00;   28.3;   17.6;   13.9;eor
       3126;20240816;   10;   8.9;   2.2;    9;   0.3;   6;    9.000;   0;   4.5;  18.2; 1004.90;   23.4;   66.00;   29.6;   17.3;   13.8;eor
       3126;20240817;   10;  10.0;   1.6;    9;   0.3;   6;    3.700;   0;   6.5;  20.6; 1002.50;   22.1;   79.00;   28.4;   17.4;   16.0;eor
       3126;20240818;   10;   8.3;   1.9;    9;   1.6;   6;    0.000;   0;   7.6;  19.0; 1000.90;   18.8;   87.00;   21.9;   16.5;   15.3;eor
       3126;20240819;   10;   6.0;   1.5;    9;   0.0;   0;    8.700;   0;   3.0;  14.1; 1007.70;   17.9;   71.00;   23.6;   12.0;    8.6;eor
       3126;20240820;   10;   7.0;   1.8;    9;   1.7;   6;   10.400;   0;   3.1;  15.9; 1003.40;   21.2;   66.00;   28.7;   11.1;    7.2;eor
       3126;20240821;   10;  13.2;   4.0;    9;   0.1;   6;    8.600;   0;   4.1;  13.5; 1003.40;   19.2;   61.00;   22.4;   14.2;   10.8;eor
       3126;20240822;   10;   9.7;   3.2;    9;   0.0;   6;    8.100;   0;   6.9;  12.3; 1002.90;   19.6;   55.00;   25.1;   13.9;   12.2;eor
       3126;20240823;   10;  13.1;   4.0;    9;   0.0;   0;   10.900;   0;   4.5;  14.0;  999.30;   23.0;   53.00;   30.5;   14.9;   10.9;eor
       3126;20240824;   10;  12.6;   3.3;    9;   0.7;   6;   11.400;   0;   1.6;  17.7; 1000.10;   26.3;   55.00;   33.3;   18.1;   14.7;eor
       3126;20240825;   10;  12.9;   3.2;    9;   0.0;   0;    7.200;   0;   4.0;  13.9; 1007.90;   19.2;   64.00;   23.6;   11.1;    6.7;eor
       3126;20240826;   10;   6.1;   1.3;    9;   0.0;   0;   11.100;   0;   1.1;  10.9; 1012.60;   17.9;   58.00;   25.7;    9.2;    5.2;eor
       3126;20240827;   10;   6.4;   1.7;    9;   0.0;   0;   12.400;   0;   0.8;  12.0; 1013.00;   20.0;   56.00;   28.2;   10.3;    5.9;eor
       3126;20240828;   10;   7.9;   1.9;    9;   0.0;   0;   12.300;   0;   0.1;  16.7; 1008.50;   22.9;   62.00;   31.5;   12.1;    8.8;eor
       3126;20240829;   10;   9.1;   1.9;    9;   0.0;   0;   10.700;   0;   2.6;  19.1; 1006.30;   26.3;   60.00;   34.4;   16.5;   11.9;eor
       3126;20240830;   10;   9.0;   2.3;    9;   5.1;   6;    1.900;   0;   7.5;  18.7; 1011.00;   19.8;   81.00;   23.2;   15.4;   14.6;eor
       3126;20240831;   10;   7.9;   2.3;    9;   0.0;   0;    5.100;   0;   5.6;  15.0; 1014.70;   18.9;   70.00;   23.6;   15.0;   14.4;eor
       3126;20240901;   10;   8.1;   2.7;    9;   0.0;   0;   12.100;   0;   0.5;  14.0; 1010.00;   21.2;   58.00;   27.4;   14.9;   13.3;eor
       3126;20240902;   10;   5.7;   1.7;    9;   0.0;   0;   10.800;   0;   2.9;  14.6; 1005.00;   21.5;   59.00;   29.4;   12.7;   10.4;eor
       3126;20240903;   10;   7.9;   1.6;    9;   0.0;   0;   10.900;   0;   4.6;  18.5; 1004.30;   23.8;   66.00;   32.3;   15.3;   13.1;eor
       3126;20240904;   10;   9.8;   1.5;    9;   0.0;   6;    9.700;   0;   1.7;  20.3; 1003.60;   24.9;   68.00;   33.7;   17.0;   14.4;eor
       3126;20240905;   10;  14.1;   3.4;    9;   0.0;   0;   11.500;   0;   0.4;  15.5; 1002.90;   25.6;   52.00;   33.1;   17.1;   13.4;eor
       3126;20240906;   10;   8.6;   2.8;    9;   0.0;   0;   11.000;   0;   1.5;  12.4; 1003.50;   24.4;   42.00;   31.0;   16.7;   12.4;eor
       3126;20240907;   10;   8.9;   2.0;    9;   0.0;   0;   11.300;   0;   1.9;  14.9; 1002.80;   23.2;   56.00;   31.8;   14.0;   10.7;eor
       3126;20240908;   10;   9.7;   1.8;    9;  27.4;   6;    8.600;   0;   6.3;  17.3;  998.10;   23.4;   63.00;   33.0;   15.1;   11.8;eor
       3126;20240909;   10;   8.6;   2.6;    9;   3.4;   6;    2.700;   0;   7.0;  17.3;  993.10;   18.5;   82.00;   22.6;   16.9;   15.7;eor
       3126;20240910;   10;   9.4;   3.7;    9;   0.7;   6;    5.300;   0;   6.4;  13.4;  998.30;   16.8;   70.00;   19.7;   13.8;   11.9;eor
       3126;20240911;   10;  11.8;   3.5;    9;   0.1;   6;    1.800;   0;   6.7;  11.5;  994.60;   13.9;   72.00;   16.6;    8.6;    5.1;eor
       3126;20240912;   10;   7.6;   1.9;    9;   0.0;   6;    7.500;   0;   3.8;   9.4; 1002.60;   10.7;   74.00;   16.1;    6.4;    2.5;eor
       3126;20240913;   10;  11.9;   2.8;    9;   0.0;   0;    0.200;   0;   7.8;  10.0; 1009.50;   11.5;   74.00;   15.5;    6.3;    3.3;eor
       3126;20240914;   10;  12.3;   3.7;    9;   0.0;   0;    8.200;   0;   4.3;   9.4; 1015.20;   12.5;   66.00;   17.5;    8.3;    4.6;eor
       3126;20240915;   10;  12.7;   3.1;    9;   0.0;   6;    9.100;   0;   4.5;  10.0; 1013.80;   13.5;   66.00;   18.9;    6.8;    4.1;eor
       3126;20240916;   10;   9.3;   2.8;    9;   0.2;   6;    0.800;   0;   7.8;  12.3; 1012.10;   14.7;   73.00;   18.4;   12.2;   11.0;eor
       3126;20240917;   10;   8.4;   3.1;    9;   0.0;   0;    6.500;   0;   4.0;  16.3; 1016.70;   18.3;   78.00;   24.0;   14.9;   13.8;eor
       3126;20240918;   10;   7.1;   2.7;    9;   0.0;   0;    6.500;   0;   4.2;  16.6; 1018.50;   18.1;   81.00;   24.0;   14.3;   13.0;eor
       3126;20240919;   10;   9.9;   3.1;    9;   0.0;   6;    5.300;   0;   5.3;  15.3; 1016.10;   18.4;   74.00;   24.1;   14.5;   12.8;eor
       3126;20240920;   10;  10.8;   2.7;    9;   0.0;   0;   10.900;   0;   0.7;  11.0; 1014.90;   18.2;   55.00;   24.5;   10.8;    7.0;eor
       3126;20240921;   10;   9.0;   2.0;    9;   0.0;   0;   10.900;   0;   0.0;  11.3; 1012.20;   16.5;   64.00;   25.1;    8.3;    5.1;eor
       3126;20240922;   10;   4.0;   1.1;    9;   0.0;   0;   10.400;   0;   2.4;  12.0; 1006.20;   16.0;   70.00;   25.4;    7.7;    4.2;eor
       3126;20240923;   10;   5.8;   1.4;    9;   6.4;   6;    6.900;   0;   7.8;  14.0;  999.20;   18.1;   70.00;   25.7;    9.9;    6.5;eor
       3126;20240924;   10;   9.2;   2.4;    9;  12.6;   6;    0.900;   0;   6.3;  15.7;  994.50;   16.0;   86.00;   18.7;   13.8;   11.2;eor
       3126;20240925;   10;   9.4;   2.7;    9;   7.0;   6;    0.500;   0;   7.1;  15.0;  995.00;   15.6;   85.00;   18.6;   12.9;   10.4;eor
       3126;20240926;   10;  11.3;   4.0;    9;   3.9;   6;    0.000;   0;   7.2;  15.5;  984.90;   16.8;   81.00;   19.7;   14.3;   12.8;eor
       3126;20240927;   10;  14.0;   5.6;    9;   0.7;   6;    5.900;   0;   4.9;  11.8;  988.20;   15.8;   66.00;   19.1;   12.7;   10.5;eor
       3126;20240928;   10;  12.3;   3.5;    9;   0.5;   6;    6.100;   0;   3.4;  10.2; 1005.00;   11.4;   76.00;   15.5;    6.8;    3.4;eor
       3126;20240929;   10;   7.2;   1.9;    9;   0.0;   0;    9.200;   0;   3.4;   9.1; 1017.00;   10.4;   73.00;   16.0;    6.1;    2.7;eor
       3126;20240930;   10;  11.8;   3.4;    9;  12.0;   6;    6.700;   0;   7.1;   9.0; 1008.90;   11.7;   67.00;   16.3;    7.7;    6.0;eor
       3126;20241001;   10;   8.8;   2.0;    9;  11.3;   6;    1.100;   0;   7.5;  13.4;  999.40;   12.7;   92.00;   18.1;    9.6;    9.0;eor
       3126;20241002;   10;   8.4;   2.7;    9;   3.6;   6;    0.000;   0;   8.0;  12.0; 1000.40;   10.3;   96.00;   11.7;    8.8;    8.3;eor
       3126;20241003;   10;   7.3;   2.6;    9;   0.6;   6;    0.000;   0;   7.9;  11.4; 1006.50;   10.5;   90.00;   12.4;    9.1;    8.2;eor
       3126;20241004;   10;   8.0;   2.7;    9;   0.0;   6;    3.700;   0;   7.0;  10.9; 1009.60;   11.6;   80.00;   15.6;    7.8;    4.4;eor
       3126;20241005;   10;   5.3;   1.5;    9;   0.0;   0;    0.700;   0;   7.2;  10.6; 1009.30;   10.2;   86.00;   14.6;    6.3;    2.8;eor
       3126;20241006;   10;   6.1;   1.9;    9;   0.0;   6;    6.100;   0;   4.7;  10.6; 1002.40;   10.2;   85.00;   13.4;    7.2;    5.5;eor
       3126;20241007;   10;   6.3;   2.1;    9;   2.6;   6;    1.700;   0;   6.1;  12.7;  995.80;   11.7;   91.00;   17.2;    6.3;    4.5;eor
       3126;20241008;   10;   6.8;   1.9;    9;  10.1;   6;    1.000;   0;   7.6;  16.6;  992.10;   15.6;   94.00;   20.7;   11.7;    9.7;eor
       3126;20241009;   10;  10.4;   2.7;    9;   3.3;   6;    3.000;   0;   6.9;  14.9;  984.90;   15.4;   85.00;   19.1;   12.8;   10.2;eor
       3126;20241010;   10;  15.8;   4.5;    9;   1.6;   6;    1.700;   0;   6.3;  13.4;  983.80;   14.3;   81.00;   18.6;    6.5;    2.9;eor
       3126;20241011;   10;   8.2;   2.5;    9;   0.0;   0;    7.800;   0;   2.1;   8.9; 1004.70;    9.2;   78.00;   13.6;    3.7;    0.0;eor
       3126;20241012;   10;   9.0;   2.6;    9;   3.9;   6;    5.400;   0;   4.3;   8.8; 1005.30;    8.2;   81.00;   13.5;    1.9;   -1.9;eor
       3126;20241013;   10;  17.5;   5.7;    9;   0.0;   6;    5.400;   0;   4.5;   9.7;  999.70;   10.2;   78.00;   13.3;    7.9;    5.7;eor
       3126;20241014;   10;   6.5;   2.1;    9;   0.0;   0;    1.500;   0;   6.5;   9.0; 1008.50;    9.0;   79.00;   13.3;    4.6;    0.4;eor
       3126;20241015;   10;   5.2;   1.5;    9;   0.0;   0;    9.200;   0;   0.8;   8.2; 1013.80;    7.6;   81.00;   13.6;    2.2;   -1.3;eor
       3126;20241016;   10;  10.5;   3.1;    9;   0.0;   0;    8.600;   0;   3.2;   9.3; 1009.90;   10.2;   75.00;   16.2;    3.7;   -0.3;eor
       3126;20241017;   10;   8.4;   3.0;    9;   0.0;   0;    5.700;   0;   4.1;  11.5; 1005.70;   12.7;   78.00;   19.1;    8.4;    6.9;eor
       3126;20241018;   10;   6.2;   1.4;    9;   0.0;   6;    7.100;   0;   3.3;  11.9; 1005.40;   12.0;   85.00;   17.4;    7.3;    4.8;eor
       3126;20241019;   10;   7.2;   2.2;    9;   0.0;   0;    2.200;   0;   6.7;  14.0; 1006.90;   14.1;   87.00;   18.7;   10.0;    8.5;eor
       3126;20241020;   10;   8.3;   2.1;    9;   0.8;   6;    6.600;   0;   6.6;  14.1; 1011.10;   14.9;   84.00;   19.8;   10.5;    7.5;eor
       3126;20241021;   10;   8.0;   2.2;    9;   0.3;   6;    0.300;   0;   7.8;  15.7; 1013.10;   16.3;   85.00;   19.7;   13.6;   12.3;eor
       3126;20241022;   10;  12.6;   2.6;    9;   0.0;   0;    4.300;   0;   4.1;  12.6; 1016.10;   13.1;   83.00;   17.0;    8.1;    3.8;eor
       3126;20241023;   10;   7.0;   1.5;    9;   0.0;   0;    8.400;   0;   0.3;  10.5; 1024.60;   10.5;   84.00;   16.6;    5.4;    1.3;eor
       3126;20241024;   10;   6.5;   1.7;    9;   0.0;   0;    8.600;   0;   0.8;  10.3; 1018.50;    9.9;   85.00;   17.3;    2.4;   -0.7;eor
       3126;20241025;   10;   6.4;   1.8;    9;   0.0;   0;    8.500;   0;   1.7;  12.6; 1010.70;   13.1;   84.00;   20.7;    7.9;    4.1;eor
       3126;20241026;   10;   4.9;   1.3;    9;   0.0;   0;    8.400;   0;   3.6;  13.3; 1009.80;   13.1;   88.00;   19.3;    7.9;    4.3;eor
       3126;20241027;   10;   9.3;   2.1;    9;   0.0;   0;    1.300;   0;   3.7;  12.1; 1009.90;   11.1;   92.00;   17.7;    7.3;    3.0;eor
       3126;20241028;   10;   8.8;   1.8;    9;   2.0;   6;    0.600;   0;   7.0;  13.3; 1013.60;   13.0;   89.00;   17.9;    7.3;    3.0;eor
       3126;20241029;   10;   5.6;   1.8;    9;   0.0;   6;    0.200;   0;   8.0;  13.8; 1014.20;   13.6;   89.00;   16.3;   11.0;    9.2;eor
       3126;20241030;   10;   6.5;   1.9;    9;   0.1;   6;    0.400;   0;   7.5;  13.8; 1016.20;   13.6;   88.00;   16.0;    9.3;    5.5;eor
       3126;20241031;   10;   7.6;   2.0;    9;   0.0;   0;    0.000;   0;   5.5;  11.6; 1016.50;   10.9;   89.00;   14.5;    7.9;    3.2;eor
       3126;20241101;   10;  10.6;   3.4;    9;   0.5;   6;    0.000;   0;   6.6;  11.2; 1012.30;   10.7;   87.00;   12.8;    6.7;    2.9;eor
       3126;20241102;   10;   9.9;   1.9;    9;   0.0;   0;    4.600;   0;   4.0;   8.7; 1020.40;    7.6;   82.00;   11.5;    1.0;   -2.3;eor
       3126;20241103;   10;   4.3;   1.1;    9;   0.2;   6;    7.600;   0;   1.0;   7.1; 1020.70;    4.0;   88.00;   11.5;   -1.0;   -3.6;eor
       3126;20241104;   10;   5.5;   1.6;    9;   0.1;   6;    0.000;   0;   7.5;   9.6; 1020.20;    7.4;   93.00;    9.7;    1.4;   -2.4;eor
       3126;20241105;   10;   4.9;   1.6;    9;   0.0;   0;    0.000;   0;   8.0;   9.4; 1016.60;    7.5;   91.00;    8.4;    6.2;    6.0;eor
       3126;20241106;   10;   3.2;   0.9;    9;   0.4;   6;    0.000;   0;   8.0;   9.1; 1020.40;    6.1;   96.00;    6.6;    5.7;    5.4;eor
       3126;20241107;   10;   5.1;   1.3;    9;   0.1;   6;    0.000;   0;   8.0;   8.1; 1024.20;    5.1;   92.00;    5.8;    4.0;    3.5;eor
       3126;20241108;   10;   7.3;   2.4;    9;   0.0;   0;    0.000;   0;   8.0;   7.8; 1021.10;    5.4;   87.00;    6.3;    3.9;    3.5;eor
       3126;20241109;   10;   6.5;   1.9;    9;   0.0;   0;    0.000;   0;   7.0;   7.6; 1017.90;    4.0;   93.00;    6.0;    0.9;   -1.8;eor
       3126;20241110;   10;   3.5;   1.0;    9;   0.0;   6;    0.000;   0;   8.0;   7.0; 1018.50;    2.1;   99.00;    3.7;    1.0;    0.9;eor
       3126;20241111;   10;   5.4;   1.4;    9;   2.0;   6;    0.000;   0;   8.0;   9.6; 1016.80;    6.7;   97.00;    8.7;    3.7;    3.5;eor
       3126;20241112;   10;   6.5;   1.9;    9;   0.0;   6;    0.000;   0;   7.9;   8.8; 1021.50;    6.5;   91.00;    8.0;    5.3;    4.5;eor
       3126;20241113;   10;   6.4;   1.6;    9;   0.0;   6;    0.000;   0;   7.8;   8.9; 1019.20;    6.6;   92.00;    8.4;    4.8;    1.5;eor
       3126;20241114;   10;   9.4;   2.5;    9;   0.1;   6;    0.000;   0;   7.9;   9.8; 1013.30;    8.3;   90.00;   10.1;    5.1;    4.8;eor
       3126;20241115;   10;   8.0;   2.3;    9;   0.0;   0;    0.000;   0;   7.9;   9.2; 1014.60;    8.9;   81.00;   10.7;    7.9;    6.8;eor
       3126;20241116;   10;   8.7;   3.6;    9;   1.1;   6;    0.000;   0;   8.0;   7.6; 1007.20;    7.3;   75.00;    7.9;    6.7;    5.4;eor
       3126;20241117;   10;  12.9;   4.3;    9;   1.0;   6;    0.400;   0;   6.0;   8.0;  996.90;    6.4;   83.00;    7.9;    4.5;    2.7;eor
       3126;20241118;   10;  12.5;   4.3;    9;   1.7;   6;    3.300;   0;   4.5;   6.6;  997.10;    4.5;   79.00;    7.2;    1.3;   -2.0;eor
       3126;20241119;   10;  12.1;   3.4;    9;  15.3;   8;    0.000;   0;   6.8;   7.8;  983.70;    4.5;   91.00;   12.2;    1.4;    0.2;eor
       3126;20241120;   10;  12.1;   3.9;    9;   1.7;   6;    0.000;   0;   7.1;   6.5;  985.80;    2.8;   87.00;    3.8;    1.8;    0.6;eor
       3126;20241121;   10;  11.6;   3.6;    9;   0.8;   8;    1.400;   0;   6.4;   5.5;  986.10;    2.1;   78.00;    3.8;    1.3;   -0.8;eor
       3126;20241122;   10;  10.6;   3.8;    9;   0.3;   6;    2.300;   0;   5.8;   5.8;  988.90;    2.2;   81.00;    4.2;    0.3;   -1.8;eor
       3126;20241123;   10;  11.2;   4.2;    9;   3.3;   6;    5.400;   0;   3.0;   5.8; 1006.10;    3.1;   75.00;    6.0;    0.3;   -1.7;eor
       3126;20241124;   10;  11.7;   4.9;    9;   0.0;   6;    0.000;   0;   7.1;   9.5; 1000.60;   10.9;   73.00;   15.6;    3.4;    2.2;eor
       3126;20241125;   10;  10.0;   4.0;    9;   0.5;   6;    0.300;   0;   7.7;   9.9;  998.50;   12.9;   67.00;   15.7;    9.5;    7.5;eor
       3126;20241126;   10;   8.7;   2.6;    9;   0.0;   6;    3.300;   0;   6.1;   9.4; 1006.70;    9.2;   81.00;   11.8;    6.2;    1.9;eor
       3126;20241127;   10;  11.6;   3.4;    9;   1.9;   6;    2.200;   0;   6.4;   8.9; 1006.70;    7.5;   86.00;   11.0;    3.3;   -0.9;eor
       3126;20241128;   10;  20.5;   6.7;    9;   1.9;   6;    0.000;   0;   7.4;   8.1; 1004.60;    6.7;   82.00;    9.9;    5.5;    4.4;eor
       3126;20241129;   10;   6.9;   1.6;    9;   0.0;   0;    0.000;   0;   7.4;   7.1; 1022.70;    5.3;   80.00;    6.3;    0.5;   -3.4;eor
       3126;20241130;   10;   7.6;   2.5;    9;   0.0;   0;    6.400;   0;   2.3;   5.9; 1021.00;    1.5;   86.00;    5.6;   -1.4;   -4.8;eor
       3126;20241201;   10;   6.0;   2.1;    9;   0.0;   0;    6.400;   0;   0.3;   5.4; 1013.00;    0.4;   86.00;    5.5;   -3.9;   -7.0;eor
       3126;20241202;   10;   8.4;   3.0;    9;   0.1;   6;    0.900;   0;   6.6;   7.6; 1004.60;    5.1;   85.00;    9.1;   -0.2;   -2.5;eor
       3126;20241203;   10;   7.9;   2.5;    9;   1.6;   6;    0.000;   0;   5.9;   8.0; 1004.80;    5.3;   90.00;    8.4;    2.5;   -1.6;eor
       3126;20241204;   10;   8.1;   2.5;    9;   0.8;   6;    0.000;   0;   7.6;   7.6; 1012.40;    4.3;   92.00;    5.0;    3.5;    1.1;eor
       3126;20241205;   10;  11.0;   3.7;    9;  10.3;   6;    5.000;   0;   4.9;   6.0; 1009.50;    2.8;   81.00;    5.6;   -0.7;   -4.0;eor
       3126;20241206;   10;   9.4;   3.3;    9;   2.8;   6;    0.000;   0;   7.3;   8.6;  993.00;    6.3;   90.00;    9.4;    3.6;    2.5;eor
       3126;20241207;   10;   9.2;   3.5;    9;   5.1;   6;    0.000;   0;   7.5;   7.9;  993.90;    4.9;   91.00;    6.9;    3.5;    1.4;eor
       3126;20241208;   10;   8.8;   2.2;    9;   2.4;   6;    0.000;   0;   7.4;   7.6; 1000.40;    3.7;   95.00;    5.7;    0.6;   -2.5;eor
       3126;20241209;   10;  10.3;   3.1;    9;   2.4;   6;    0.000;   0;   7.6;   7.6; 1013.60;    4.0;   93.00;    5.2;    2.3;    1.8;eor
       3126;20241210;   10;   8.5;   2.6;    9;   0.5;   6;    0.000;   0;   7.9;   7.2; 1019.70;    3.5;   91.00;    4.6;    2.6;    2.1;eor
       3126;20241211;   10;   4.0;   1.3;    9;   0.0;   6;-999;   0;   8.0;   6.7; 1020.30;    2.8;   89.00;    3.7;    2.1;    1.6;eor
       3126;20241212;   10;   4.1;   1.2;    9;   0.3;   6;-999;   0;   7.9;   6.7; 1021.40;    2.3;   92.00;    3.0;    1.8;    1.3;eor
       3126;20241213;   10;   7.6;   2.6;    9;   0.0;   0;-999;   0;   6.0;   5.6; 1019.40;    0.6;   87.00;    2.0;   -1.7;   -3.4;eor
       3126;20241214;   10;  11.8;   3.6;    9;   0.5;   8;-999;   0;   7.5;   5.8; 1006.90;    1.3;   86.00;    4.0;   -1.7;   -2.0;eor
       3126;20241215;   10;  15.5;   5.9;    9;   0.7;   6;-999;   0;   7.5;   8.4; 1010.10;    6.4;   87.00;    9.9;    3.9;    2.7;eor
       3126;20241216;   10;  18.4;   7.2;    9;   0.2;   6;-999;   0;   7.5;  10.5; 1013.50;   10.6;   82.00;   11.8;    9.4;    8.4;eor
       3126;20241217;   10;  12.0;   4.2;    9;   0.0;   0;-999;   0;   7.1;   9.1; 1014.80;    8.9;   80.00;   10.2;    4.8;    1.4;eor
       3126;20241218;   10;  11.4;   4.0;    9;   0.1;   6;-999;   0;   7.6;   9.1; 1003.40;    9.5;   76.00;   12.9;    5.2;    3.3;eor
       3126;20241219;   10;  12.3;   5.0;    9;   4.8;   6;-999;   0;   7.3;  10.2;  988.80;   10.5;   80.00;   14.4;    5.3;    3.9;eor
       3126;20241220;   10;  13.6;   5.2;    9;   0.0;   6;-999;   0;   4.3;   6.8; 1003.30;    5.0;   78.00;    6.9;    2.6;    0.2;eor
       3126;20241221;   10;  11.6;   4.7;    9;   1.8;   6;-999;   0;   7.4;   7.5; 1001.30;    5.7;   81.00;    8.0;    2.9;    1.1;eor
       3126;20241222;   10;  10.8;   4.3;    9;   1.4;   6;-999;   0;   6.8;   7.7;  987.00;    5.7;   83.00;    8.8;    3.3;    2.3;eor
       3126;20241223;   10;  12.5;   4.2;    9;   0.0;   6;-999;   0;   4.5;   6.7;  997.40;    3.8;   83.00;    6.4;    1.5;   -0.6;eor
       3126;20241224;   10;   7.6;   2.2;    9;   0.0;   6;-999;   0;   4.2;   6.7; 1014.80;    3.0;   88.00;    6.3;    0.4;   -2.7;eor
       3126;20241225;   10;   3.8;   1.4;    9;   0.9;   6;-999;   0;   7.8;   8.3; 1023.80;    5.0;   94.00;    6.9;    1.6;   -1.7;eor
       3126;20241226;   10;   5.1;   1.5;    9;   0.1;   4;-999;   0;   8.0;   9.2; 1027.20;    5.8;  100.00;    7.2;    3.0;    2.9;eor
       3126;20241227;   10;   4.1;   1.6;    9;   0.0;   0;-999;   0;   8.0;   6.8; 1024.70;    1.5;  100.00;    3.1;   -0.8;   -0.5;eor
       3126;20241228;   10;   3.4;   1.2;    9;   0.0;   0;-999;   0;   8.0;   5.3; 1019.70;   -1.7;   99.00;   -0.6;   -2.9;   -2.8;eor
       3126;20241229;   10;   9.6;   2.4;    9;   0.0;   0;-999;   0;   5.8;   5.6; 1017.10;   -0.3;   93.00;    3.1;   -3.9;   -5.7;eor
       3126;20241230;   10;  11.4;   3.3;    9;   0.0;   0;-999;   0;   5.6;   6.3; 1016.70;    2.3;   87.00;    4.7;   -1.6;   -4.9;eor
       3126;20241231;   10;  11.0;   2.4;    9;   0.0;   0;-999;   0;   2.7;   5.4; 1013.60;    0.5;   86.00;    3.8;   -3.7;   -6.7;eor
       3126;20250101;   10;  16.1;   6.3;    9;   0.4;   6;-999;   0;   8.0;   7.0; 1000.80;    6.1;   74.00;    8.4;    2.4;    0.9;eor
       3126;20250102;   10;  13.5;   4.1;    9;   0.0;   8;-999;   0;   4.0;   6.7;  998.60;    4.2;   80.00;    8.2;    1.6;   -1.6;eor
       3126;20250103;   10;  17.9;   5.6;    9;   1.9;   8;-999;   0;   5.1;   5.6; 1002.40;    1.7;   81.00;    3.8;   -0.7;   -2.9;eor
       3126;20250104;   10;   8.5;   2.5;    9;   0.0;   0;-999;   1;   4.7;   4.9; 1007.50;   -0.7;   85.00;    1.0;   -3.7;   -9.2;eor
       3126;20250105;   10;   9.0;   2.9;    9;  10.4;   8;-999;   1;   6.6;   5.4;  992.70;   -0.9;   92.00;    6.0;   -4.1;   -8.9;eor
       3126;20250106;   10;  17.5;   5.1;    9;   0.3;   6;-999;   0;   5.5;   9.0;  980.30;    9.8;   74.00;   13.1;    5.7;    1.9;eor
       3126;20250107;   10;  17.4;   4.5;    9;   1.6;   8;-999;   0;   4.7;   6.5;  988.10;    4.9;   75.00;    8.0;    0.8;   -2.0;eor
       3126;20250108;   10;  10.8;   3.6;    9;   3.6;   8;-999;   0;   3.7;   5.7;  992.00;    2.3;   79.00;    4.9;    0.1;   -3.5;eor
       3126;20250109;   10;  10.0;   2.7;    9;  14.0;   8;-999;   0;   7.6;   6.2;  989.10;    0.8;   96.00;    1.6;    0.5;    0.0;eor
       3126;20250110;   10;  12.7;   5.0;    9;   2.3;   8;-999;   6;   6.3;   6.0; 1001.90;    1.6;   88.00;    2.9;    0.0;   -3.1;eor
       3126;20250111;   10;  12.9;   4.3;    9;   0.0;   0;-999;   4;   6.0;   4.9; 1009.80;    0.4;   78.00;    2.2;   -1.4;   -4.0;eor
       3126;20250112;   10;   9.9;   2.9;    9;   0.0;   0;-999;   4;   5.2;   4.8; 1023.90;   -0.9;   84.00;    1.6;   -4.4;   -9.9;eor
       3126;20250113;   10;   7.9;   1.6;    9;   0.0;   7;-999;   4;   6.8;   4.3; 1031.10;   -2.5;   85.00;    0.0;   -5.3;  -10.5;eor
       3126;20250114;   10;   9.2;   2.4;    9;   0.2;   6;-999;   4;   7.2;   4.5; 1021.60;   -1.2;   80.00;    3.5;   -6.5;  -11.3;eor
       3126;20250115;   10;   7.2;   2.0;    9;   0.1;   6;-999;   2;   7.8;   7.5; 1020.70;    3.2;   97.00;    4.4;    2.4;    0.9;eor
       3126;20250116;   10;   5.0;   1.7;    9;   0.0;   0;-999;   0;   8.0;   6.9; 1027.00;    2.1;   96.00;    3.1;   -0.4;   -0.2;eor
       3126;20250117;   10;   4.6;   1.7;    9;   0.0;   0;-999;   0;   8.0;   5.7; 1027.60;   -0.9;   99.00;   -0.1;   -2.2;   -1.9;eor
       3126;20250118;   10;   3.7;   1.3;    9;   0.0;   8;-999;   0;   8.0;   5.2; 1023.10;   -2.0;   99.00;   -1.0;   -2.8;   -2.5;eor
       3126;20250119;   10;   4.1;   1.3;    9;   0.0;   8;-999;   0;   5.2;   5.4; 1014.40;   -1.4;   98.00;    0.4;   -2.4;   -4.7;eor
       3126;20250120;   10;   5.1;   1.3;    9;   0.0;   7;-999;   0;   4.5;   5.3; 1008.60;   -1.5;   96.00;   -0.4;   -4.0;   -5.9;eor
       3126;20250121;   10;   5.3;   1.6;    9;   0.0;   0;-999;   0;   8.0;   5.2; 1007.80;   -1.3;   94.00;   -0.7;   -2.7;   -2.6;eor
       3126;20250122;   10;   7.1;   2.3;    9;   0.4;   6;-999;   0;   6.4;   5.5;  999.90;    0.1;   90.00;    3.9;   -3.2;   -3.2;eor
       3126;20250123;   10;  11.7;   3.9;    9;   0.9;   6;-999;   0;   7.2;   6.5;  993.70;    3.9;   80.00;    6.7;    2.1;    0.5;eor
       3126;20250124;   10;  10.6;   3.8;    9;   2.4;   6;-999;   0;   5.5;   7.6;  996.90;    5.6;   83.00;    8.6;    1.8;   -1.0;eor
       3126;20250125;   10;  10.3;   3.2;    9;   6.6;   6;-999;   0;   7.7;   9.4;  995.70;    9.8;   78.00;   14.6;    6.2;    5.5;eor
       3126;20250126;   10;   8.7;   2.3;    9;   0.5;   6;-999;   0;   7.5;   8.6;  995.50;    5.8;   93.00;   10.0;    3.1;    0.5;eor
       3126;20250127;   10;  10.4;   3.5;    9;   1.6;   6;-999;   0;   7.4;   8.9;  987.00;    8.2;   81.00;   12.2;    4.3;    2.7;eor
       3126;20250128;   10;   5.9;   2.5;    9;   0.0;   0;-999;   0;   6.2;   8.4;  987.20;    6.3;   88.00;    8.6;    4.0;   -0.4;eor
       3126;20250129;   10;  14.6;   3.6;    9;   0.7;   6;-999;   0;   6.9;   7.9;  992.70;    6.6;   81.00;   10.1;    3.8;    0.2;eor
       3126;20250130;   10;   8.4;   2.3;    9;   3.6;   6;-999;   0;   7.0;   8.1; 1004.10;    5.6;   89.00;    7.9;    2.5;   -2.1;eor
       3126;20250131;   10;  10.0;   3.2;    9;   0.0;   0;-999;   0;   7.1;   6.6; 1015.80;    4.1;   81.00;    5.9;    2.8;    0.2;eor
       3126;20250201;   10;   4.4;   1.4;    9;   0.0;   0;-999;   0;   5.4;   6.0; 1021.90;    1.4;   90.00;    6.3;   -2.7;   -4.1;eor
       3126;20250202;   10;   3.5;   1.1;    9;   0.0;   0;-999;   0;   6.3;   5.0; 1017.30;   -1.1;   89.00;    4.5;   -4.2;   -5.6;eor
       3126;20250203;   10;   4.3;   1.3;    9;   0.0;   0;-999;   0;   0.3;   5.0; 1017.60;   -0.6;   86.00;    4.8;   -4.5;   -7.3;eor
       3126;20250204;   10;   3.8;   1.2;    9;   0.0;   0;-999;   0;   0.6;   5.1; 1018.00;   -0.6;   87.00;    5.6;   -4.8;   -7.1;eor
       3126;20250205;   10;   6.0;   1.9;    9;   0.0;   6;-999;   0;   6.8;   6.2; 1025.40;    1.7;   89.00;    4.1;   -3.7;   -6.4;eor
       3126;20250206;   10;   7.8;   1.8;    9;   0.0;   6;-999;   0;   8.0;   7.2; 1030.90;    3.4;   92.00;    5.1;    1.8;    0.5;eor
       3126;20250207;   10;  10.6;   3.7;    9;   0.0;   0;-999;   0;   7.7;   5.9; 1024.10;    2.8;   79.00;    3.7;    1.9;    0.6;eor
       3126;20250208;   10;   7.1;   2.6;    9;   0.0;   0;-999;   0;   4.8;   5.6; 1017.40;    2.7;   75.00;    6.7;   -0.2;   -2.6;eor
       3126;20250209;   10;   6.0;   2.0;    9;   0.0;   0;-999;   0;   3.1;   5.2; 1020.00;    0.1;   84.00;    3.7;   -3.6;   -5.6;eor
       3126;20250210;   10;   8.0;   2.6;    9;   0.0;   0;-999;   0;   6.0;   5.2; 1019.60;    0.4;   83.00;    2.6;   -1.1;   -2.8;eor
       3126;20250211;   10;   8.6;   2.6;    9;   0.0;   0;-999;   0;   6.0;   4.3; 1015.60;    0.7;   68.00;    4.1;   -2.4;   -3.7;eor
       3126;20250212;   10;   7.5;   2.7;    9;   0.5;   8;-999;   0;   7.3;   4.4; 1010.30;   -0.9;   76.00;    0.3;   -1.8;   -2.0;eor
       3126;20250213;   10;   6.3;   2.1;    9;   3.2;   7;-999;   0;   7.5;   4.8; 1007.70;   -2.0;   91.00;   -0.3;   -3.0;   -3.0;eor
       3126;20250214;   10;   7.7;   2.1;    9;   0.0;   7;-999;   5;   7.9;   5.6; 1015.10;    0.5;   88.00;    2.4;   -0.5;   -2.0;eor
       3126;20250215;   10;   4.8;   1.1;    9;   0.1;   7;-999;   1;   6.5;   4.9; 1014.90;   -0.3;   83.00;    2.0;   -3.1;   -8.6;eor
       3126;20250216;   10;   6.5;   1.4;    9;   4.9;   7;-999;   1;   7.8;   4.8; 1014.10;   -1.9;   91.00;   -0.4;   -7.2;   -4.4;eor
       3126;20250217;   10;   3.4;   1.0;    9;   0.0;   0;-999;   7;   0.3;   2.9; 1016.80;   -6.8;   80.00;    0.6;  -12.7;  -10.7;eor
       3126;20250218;   10;   3.4;   1.0;    9;   0.0;   0;-999;   5;   0.0;   2.8; 1020.00;   -6.6;   77.00;    0.3;  -12.8;  -11.1;eor
       3126;20250219;   10;   8.1;   2.2;    9;   0.0;   0;-999;   4;   0.0;   3.1; 1019.90;   -3.8;   68.00;    3.3;  -12.1;  -13.1;eor
       3126;20250220;   10;   8.8;   3.2;    9;   0.0;   6;-999;   4;   3.7;   4.3; 1015.40;   -0.3;   70.00;    4.6;   -6.2;  -13.2;eor
       3126;20250221;   10;   6.2;   2.1;    9;   0.0;   0;-999;   1;   4.8;   8.4; 1012.90;    6.5;   86.00;   13.2;    1.7;   -0.7;eor
       3126;20250222;   10;   8.6;   3.3;    9;   0.0;   0;-999;   0;   6.5;   7.5; 1008.80;    6.3;   79.00;   11.3;    2.1;    0.3;eor
       3126;20250223;   10;   7.9;   2.3;    9;   0.0;   0;-999;   0;   3.3;   9.3; 1016.20;    8.8;   82.00;   13.6;    2.7;   -2.0;eor
       3126;20250224;   10;   9.4;   3.1;    9;   2.2;   6;-999;   0;   7.3;   8.7; 1011.00;    8.2;   80.00;   13.3;    2.6;   -1.9;eor
       3126;20250225;   10;   5.2;   1.7;    9;   1.5;   6;-999;   0;   6.0;   9.8; 1004.30;    9.5;   84.00;   14.1;    7.0;    3.4;eor
       3126;20250226;   10;   7.9;   1.9;    9;   2.6;   6;-999;   0;   7.9;   9.5; 1003.50;    7.1;   94.00;    8.8;    5.9;    4.8;eor
       3126;20250227;   10;   8.5;   2.3;    9;   2.6;   6;-999;   0;   6.5;   7.5; 1006.10;    4.7;   88.00;    8.5;    0.2;   -2.5;eor
       3126;20250228;   10;   7.6;   2.0;    9;   0.6;   6;-999;   0;   7.0;   7.3; 1011.90;    3.8;   91.00;    7.0;    0.1;   -2.2;eor
       3126;20250301;   10;   6.8;   2.0;    9;   0.0;   0;-999;   0;   5.0;   7.0; 1020.70;    4.0;   86.00;    8.9;    0.0;   -3.3;eor
       3126;20250302;   10;   7.3;   2.3;    9;   0.0;   0;-999;   0;   3.7;   6.3; 1023.10;    3.8;   80.00;    9.3;    0.0;   -3.4;eor
       3126;20250303;   10;   6.6;   2.0;    9;   0.0;   0;-999;   0;   2.1;   5.8; 1018.90;    4.0;   73.00;   10.7;   -0.9;   -4.1;eor
       3126;20250304;   10;   6.4;   1.9;    9;   0.0;   0;-999;   0;   3.4;   5.7; 1015.70;    5.2;   68.00;   13.2;   -2.1;   -4.7;eor
       3126;20250305;   10;   6.8;   1.9;    9;   0.0;   0;-999;   0;   0.0;   6.1; 1013.40;    6.8;   65.00;   16.9;   -1.8;   -5.2;eor
       3126;20250306;   10;   6.6;   1.8;    9;   0.0;   0;-999;   0;   1.0;   6.6; 1010.00;    8.3;   64.00;   17.7;   -1.0;   -4.5;eor
       3126;20250307;   10;   5.7;   1.6;    9;   0.0;   0;-999;   0;   2.6;   6.9; 1008.90;    8.5;   66.00;   19.1;    0.5;   -2.9;eor
       3126;20250308;   10;   5.9;   1.7;    9;   0.0;   0;-999;   0;   2.4;   6.8; 1005.70;    9.0;   63.00;   18.5;    0.3;   -2.9;eor
       3126;20250309;   10;   4.4;   1.4;    9;   0.0;   0;-999;   0;   0.0;   7.1;  997.20;    8.0;   68.00;   17.3;    0.9;   -2.9;eor
       3126;20250310;   10;   5.8;   1.6;    9;   0.0;   0;-999;   0;   0.1;   7.5;  990.90;    8.0;   73.00;   17.5;    0.0;   -3.3;eor
       3126;20250311;   10;   7.2;   1.8;    9;   0.3;   6;-999;   0;   2.8;   7.8;  990.60;    6.0;   84.00;   13.1;   -0.1;   -3.7;eor
       3126;20250312;   10;   6.1;   1.5;    9;   0.0;   0;-999;   0;   7.0;   6.8;  989.50;    6.1;   73.00;    9.2;    2.6;   -0.9;eor
       3126;20250313;   10;   4.6;   1.3;    9;   0.0;   0;-999;   0;   6.2;   5.9;  988.60;    4.0;   74.00;    8.2;   -0.9;   -4.1;eor
       3126;20250314;   10;   7.6;   1.9;    9;   0.0;   0;-999;   0;   5.0;   5.6;  997.30;    4.3;   69.00;    9.7;    0.2;   -4.2;eor
       3126;20250315;   10;   7.6;   2.4;    9;   0.0;   0;-999;   0;   3.8;   6.3; 1008.40;    2.4;   87.00;    6.3;   -1.4;   -5.0;eor
       3126;20250316;   10;   7.1;   2.1;    9;   0.0;   0;-999;   0;   3.5;   5.6; 1010.10;    3.5;   75.00;   10.1;   -2.8;   -5.7;eor
       3126;20250317;   10;   9.4;   2.7;    9;   0.0;   0;-999;   0;   2.0;   4.3; 1018.90;    3.6;   55.00;    8.1;   -2.8;   -7.8;eor
       3126;20250318;   10;   5.6;   1.3;    9;   0.0;   0;-999;   0;   0.0;   3.2; 1021.00;    2.3;   49.00;    9.9;   -5.6;   -9.4;eor
       3126;20250319;   10;   5.5;   1.7;    9;   0.0;   0;-999;   0;   0.0;   4.1; 1016.90;    5.4;   49.00;   14.7;   -4.0;   -8.5;eor
       3126;20250320;   10;   4.3;   1.4;    9;   0.0;   0;-999;   0;   1.5;   5.4; 1013.10;    8.6;   52.00;   18.7;   -1.8;   -6.1;eor
       3126;20250321;   10;   9.4;   2.2;    9;   0.0;   0;-999;   0;   0.3;   6.4; 1009.30;   11.0;   52.00;   19.8;    1.1;   -3.9;eor
       3126;20250322;   10;  14.6;   4.4;    9;   0.0;   0;-999;   0;   1.2;   6.2; 1001.70;   11.7;   46.00;   17.5;    6.9;    4.4;eor
       3126;20250323;   10;   8.2;   2.4;    9;   0.0;   0;-999;   0;   5.8;   7.7;  996.70;   10.6;   60.00;   15.5;    6.5;    2.7;eor
       3126;20250324;   10;   4.2;   1.4;    9;   0.0;   6;-999;   0;   3.8;   8.8; 1002.10;   10.5;   70.00;   16.7;    3.5;   -0.8;eor
       3126;20250325;   10;   8.1;   2.0;    9;   0.4;   6;-999;   0;   6.7;   8.6; 1007.60;    7.6;   82.00;    9.8;    5.1;    0.9;eor
       3126;20250326;   10;   8.5;   2.4;    9;   0.0;   6;-999;   0;   6.0;   8.9; 1010.00;    8.3;   82.00;   12.2;    3.5;   -1.0;eor
       3126;20250327;   10;   5.1;   1.6;    9;   0.0;   0;-999;   0;   3.6;   8.0; 1011.20;    7.5;   79.00;   13.7;    2.1;   -2.4;eor
       3126;20250328;   10;   6.2;   2.0;    9;   0.0;   0;-999;   0;   1.7;   7.1; 1002.70;    8.5;   69.00;   17.7;    0.3;   -4.4;eor
       3126;20250329;   10;  11.1;   2.8;    9;   0.0;   0;-999;   0;   4.7;   7.5; 1004.30;    8.0;   71.00;   14.2;    1.8;   -4.4;eor
       3126;20250330;   10;  16.1;   4.2;    9;   3.0;   6;-999;   0;   5.4;   7.8; 1001.70;    6.9;   77.00;   12.1;    1.1;   -4.7;eor
       3126;20250331;   10;  11.7;   3.3;    9;   0.2;   6;-999;   0;   7.6;   8.2; 1011.40;    7.6;   79.00;   10.3;    3.7;   -0.6;eor
       3126;20250401;   10;   8.3;   2.5;    9;   0.0;   0;-999;   0;   2.7;   7.3; 1018.10;    8.2;   69.00;   14.7;    1.4;   -2.5;eor
       3126;20250402;   10;   9.2;   2.7;    9;   0.0;   0;-999;   0;   0.5;   7.6; 1017.10;    9.4;   67.00;   17.1;    1.6;   -1.5;eor
       3126;20250403;   10;   7.3;   1.7;    9;   0.0;   0;-999;   0;   0.5;   7.1; 1016.30;   10.7;   59.00;   20.2;    0.8;   -3.2;eor
       3126;20250404;   10;   4.8;   1.4;    9;   0.0;   0;-999;   0;   1.1;   9.2; 1010.60;   13.2;   63.00;   21.5;    4.2;   -0.2;eor
       3126;20250405;   10;  11.6;   3.7;    9;   0.0;   0;-999;   0;   2.2;   6.1; 1009.70;    8.4;   57.00;   13.3;    2.1;   -0.3;eor
       3126;20250406;   10;   9.3;   2.4;    9;   0.0;   0;-999;   0;   1.3;   4.3; 1016.60;    3.5;   57.00;    9.3;   -2.8;   -7.6;eor
       3126;20250407;   10;   9.0;   2.1;    9;   0.0;   0;-999;   0;   4.1;   5.3; 1015.60;    7.4;   53.00;   14.1;    0.9;   -2.9;eor
       3126;20250408;   10;   4.4;   1.3;    9;   0.0;   0;-999;   0;   6.6;   7.0; 1016.60;    8.7;   63.00;   14.0;    1.7;   -3.6;eor
       3126;20250409;   10;   8.9;   2.1;    9;   0.0;   0;-999;   0;   5.8;   7.8; 1012.50;   11.0;   61.00;   16.0;    5.3;    2.3;eor
       3126;20250410;   10;   9.4;   2.5;    9;   0.0;   0;-999;   0;   4.0;   8.0; 1013.90;    8.9;   71.00;   15.4;    3.1;   -2.0;eor
       3126;20250411;   10;  13.1;   3.6;    9;   0.0;   0;-999;   0;   5.9;   8.8; 1007.30;   11.2;   67.00;   17.3;    6.0;    2.9;eor
       3126;20250412;   10;   5.6;   1.5;    9;   0.0;   0;-999;   0;   3.8;   9.7; 1003.60;   12.9;   67.00;   19.7;    7.2;    2.2;eor
       3126;20250413;   10;  12.7;   2.9;    9;   1.1;   6;-999;   0;   6.1;  11.6;  995.80;   14.2;   73.00;   22.1;    6.2;    1.9;eor
       3126;20250414;   10;   5.6;   1.8;    9;   0.0;   0;-999;   0;   2.4;  10.7;  999.40;   14.9;   67.00;   21.4;    7.9;    3.1;eor
       3126;20250415;   10;  12.0;   3.1;    9;   0.1;   6;-999;   0;   5.9;  12.9;  992.70;   16.3;   70.00;   20.7;   10.2;    6.8;eor
       3126;20250416;   10;   7.9;   2.0;    9;   0.0;   0;-999;   0;   3.1;  13.1;  996.80;   18.2;   66.00;   25.7;    9.2;    4.2;eor
       3126;20250417;   10;   7.7;   2.5;    9;   0.5;   6;-999;   0;   7.0;  12.0;  997.30;   11.4;   89.00;   13.5;    9.3;    8.0;eor
       3126;20250418;   10;   8.2;   2.7;    9;  22.2;   6;-999;   0;   7.8;  11.0; 1000.30;    9.5;   93.00;   10.9;    8.0;    7.4;eor
       3126;20250419;   10;   5.1;   1.7;    9;   1.1;   6;-999;   0;   6.6;   9.7;  999.70;    8.5;   88.00;   10.7;    5.8;    2.2;eor
       3126;20250420;   10;   7.2;   1.4;    9;   0.6;   6;-999;   0;   4.7;  10.7;  997.00;   12.0;   78.00;   20.3;    3.3;    2.8;eor
       3126;20250421;   10;  10.5;   2.1;    9;   4.1;   6;-999;   0;   4.7;  12.4; 1000.40;   14.9;   75.00;   20.9;    9.4;    5.4;eor
       3126;20250422;   10;   7.2;   1.9;    9;   0.0;   6;-999;   0;   6.3;  12.7; 1006.50;   13.2;   84.00;   17.8;   10.1;    7.7;eor
       3126;20250423;   10;   6.3;   1.7;    9;   0.0;   0;-999;   0;   6.6;  12.3; 1006.00;   14.8;   75.00;   20.3;    9.7;    7.5;eor
       3126;20250424;   10;   9.0;   3.2;    9;   0.0;   0;-999;   0;   7.8;  10.4; 1005.50;   13.4;   69.00;   18.3;    9.4;    6.9;eor
       3126;20250425;   10;   9.0;   2.9;    9;   0.0;   0;-999;   0;   5.1;   9.9; 1010.10;   10.8;   77.00;   15.6;    7.2;    3.2;eor
       3126;20250426;   10;   9.5;   2.5;    9;   0.0;   0;-999;   0;   0.2;   7.3; 1014.70;   11.0;   59.00;   17.8;    2.8;   -1.0;eor
       3126;20250427;   10;   8.7;   2.2;    9;   0.0;   0;-999;   0;   0.0;   6.6; 1016.70;   11.6;   51.00;   19.3;    2.7;   -1.5;eor
       3126;20250428;   10;   4.6;   1.3;    9;   0.0;   0;-999;   0;   1.3;   7.6; 1016.20;   13.2;   54.00;   21.1;    3.1;   -0.6;eor
       3126;20250429;   10;   6.5;   1.7;    9;   0.0;   0;-999;   0;   2.3;  10.5; 1015.30;   15.4;   62.00;   22.7;    6.7;    2.2;eor
       3126;20250430;   10;   5.8;   1.5;    9;   0.0;   0;-999;   0;   0.7;  12.0; 1013.50;   16.7;   66.00;   24.0;    8.6;    4.6;eor
       3126;20250501;   10;   6.7;   1.9;    9;   0.0;   0;-999;   0;   1.2;  12.1; 1010.30;   18.0;   62.00;   25.4;    8.3;    4.5;eor
       3126;20250502;   10;  16.6;   2.5;    9;   9.4;   6;-999;   0;   5.6;  13.9; 1003.50;   19.2;   67.00;   28.8;   11.9;    7.6;eor
       3126;20250503;   10;  10.0;   1.8;    9;   0.1;   6;-999;   0;   4.9;  11.9;  999.20;   13.1;   79.00;   15.5;    9.6;    8.2;eor
       3126;20250504;   10;   9.3;   3.0;    9;   0.0;   6;-999;   0;   5.5;   8.2; 1000.40;   10.1;   68.00;   14.3;    4.7;    1.3;eor
       3126;20250505;   10;   8.8;   2.5;    9;   0.0;   0;-999;   0;   4.6;   7.7; 1007.00;    9.5;   67.00;   15.3;    3.4;   -0.7;eor
       3126;20250506;   10;   8.5;   1.9;    9;   0.0;   0;-999;   0;   3.1;   7.8; 1008.20;   10.4;   63.00;   16.9;    1.2;   -2.7;eor
       3126;20250507;   10;   9.6;   2.6;    9;   0.0;   0;-999;   0;   6.4;   7.0; 1009.50;   12.0;   53.00;   17.9;    6.1;    1.9;eor
       3126;20250508;   10;   7.7;   1.9;    9;   0.0;   0;-999;   0;   6.2;   6.5; 1009.30;   11.0;   52.00;   16.6;    3.6;    0.3;eor
       3126;20250509;   10;   6.5;   1.6;    9;   0.0;   0;-999;   0;   1.3;   7.5; 1010.70;   12.4;   56.00;   19.6;    3.5;   -0.8;eor
       3126;20250510;   10;   9.0;   2.3;    9;   0.0;   0;-999;   0;   2.8;   9.4; 1010.60;   15.0;   57.00;   21.1;    6.5;    2.5;eor
       3126;20250511;   10;   9.5;   2.2;    9;   0.0;   0;-999;   0;   2.5;   9.2; 1008.40;   14.8;   58.00;   21.3;    6.6;    3.7;eor
       3126;20250512;   10;   8.0;   2.2;    9;   0.0;   0;-999;   0;   1.0;   7.4; 1007.60;   13.5;   50.00;   19.9;    5.0;    1.2;eor
       3126;20250513;   10;   7.8;   1.6;    9;   0.0;   0;-999;   0;   1.8;   7.3; 1009.70;   13.6;   52.00;   21.4;    3.9;   -0.1;eor
       3126;20250514;   10;   9.5;   2.5;    9;   0.0;   0;-999;   0;   5.0;   9.1; 1004.70;   15.9;   52.00;   22.3;    7.7;    4.0;eor
       3126;20250515;   10;  12.2;   3.6;    9;   0.0;   6;-999;   0;   4.9;   8.1; 1006.20;   13.1;   56.00;   18.4;    7.7;    3.3;eor
       3126;20250516;   10;   8.3;   2.0;    9;   3.3;   6;-999;   0;   4.1;   9.8; 1006.70;   10.8;   76.00;   17.0;    5.6;    2.7;eor
       3126;20250517;   10;  11.9;   2.6;    9;   1.6;   6;-999;   0;   4.9;  10.0; 1003.60;   12.7;   70.00;   19.9;    6.6;    4.0;eor
       3126;20250518;   10;  13.2;   2.8;    9;   0.7;   6;-999;   0;   6.2;  10.3; 1003.70;   13.2;   70.00;   18.5;    9.1;    6.9;eor
       3126;20250519;   10;   7.6;   2.0;    9;   0.0;   0;-999;   0;   7.8;  11.7; 1008.30;   14.5;   71.00;   17.7;   10.6;    8.6;eor
       3126;20250520;   10;   7.3;   1.8;    9;   0.0;   0;-999;   0;   3.5;  12.8; 1006.20;   17.5;   66.00;   23.4;   10.1;    7.1;eor
       3126;20250521;   10;  11.8;   3.4;    9;   0.0;   0;-999;   0;   4.8;   9.6; 1000.70;   16.2;   54.00;   21.5;    9.8;    7.3;eor
       3126;20250522;   10;  17.3;   3.3;    9;   0.2;   6;-999;   0;   5.1;   7.7; 1000.80;   10.4;   62.00;   16.2;    5.6;    0.8;eor
       3126;20250523;   10;  13.4;   3.5;    9;   7.6;   6;-999;   0;   2.9;   8.2; 1004.00;    9.1;   71.00;   14.2;    4.0;   -0.4;eor
       3126;20250524;   10;   9.2;   3.2;    9;   4.6;   6;-999;   0;   6.0;   8.9; 1005.30;   12.6;   63.00;   19.0;    6.2;    3.9;eor
       3126;20250525;   10;   9.6;   3.5;    9;   5.0;   6;-999;   0;   6.9;  14.5; 1000.40;   14.5;   87.00;   17.8;   10.5;    9.8;eor
       3126;20250526;   10;  10.0;   2.4;    9;   0.0;   0;-999;   0;   6.5;  12.0; 1005.20;   15.8;   69.00;   20.8;   10.7;    6.3;eor
       3126;20250527;   10;  10.8;   3.3;    9;   5.2;   6;-999;   0;   6.8;  11.9; 1006.30;   16.5;   64.00;   21.0;   10.3;    6.4;eor
       3126;20250528;   10;  12.5;   3.4;    9;   2.8;   6;-999;   0;   6.8;  15.2; 1002.00;   16.1;   83.00;   20.4;   11.8;   10.1;eor
       3126;20250529;   10;   8.5;   2.9;    9;   0.6;   6;-999;   0;   5.6;  12.4; 1010.30;   14.7;   75.00;   19.2;    9.8;    8.3;eor
       3126;20250530;   10;  10.9;   3.2;    9;   0.0;   0;-999;   0;   3.8;  16.5; 1008.40;   20.1;   71.00;   25.2;   14.4;   12.6;eor
       3126;20250531;   10;   9.3;   1.5;    9;   0.3;   6;-999;   0;   3.9;  17.4; 1007.50;   21.4;   70.00;   27.1;   13.8;   10.5;eor
       3126;20250601;    3;   9.1;   2.5;    9;   1.0;   6;-999;   0;   6.0;  17.8; 1003.30;   19.9;   77.00;   25.9;   14.3;   11.1;eor
       3126;20250602;    3;   7.6;   2.0;    9;   0.0;   0;-999;   0;   4.0;  13.5; 1004.80;   17.6;   69.00;   23.3;   12.3;    9.5;eor
       3126;20250603;    3;  10.3;   2.4;    9;   0.0;   0;-999;   0;   1.6;  12.4; 1003.40;   18.2;   62.00;   24.9;    9.2;    5.3;eor
       3126;20250604;    3;  10.2;   2.7;    9;   6.9;   6;-999;   0;   6.0;  17.4;  998.50;   18.9;   79.00;   23.1;   14.2;   10.6;eor
       3126;20250605;    3;  13.6;   2.7;    9;   4.4;   6;-999;   0;   7.1;  15.2; 1000.20;   17.1;   79.00;   21.3;   14.0;   11.6;eor
       3126;20250606;    3;  13.5;   4.0;    9;   0.5;   6;-999;   0;   5.4;  14.1;  998.60;   18.0;   70.00;   22.0;   13.8;   10.8;eor
       3126;20250607;    3;  14.4;   2.6;    9;   7.3;   6;-999;   0;   6.5;  15.0;  999.10;   16.4;   81.00;   21.1;   12.3;    9.5;eor
       3126;20250608;    3;  17.4;   4.9;    9;   2.1;   6;-999;   0;   6.8;  12.7;  999.70;   14.5;   77.00;   17.9;   11.4;   10.1;eor
       3126;20250609;    3;  11.0;   3.1;    9;   0.2;   6;-999;   0;   5.0;  11.6; 1011.30;   13.9;   74.00;   19.5;    9.8;    7.0;eor
       3126;20250610;    3;  10.7;   3.3;    9;   3.6;   6;-999;   0;   6.5;  13.6; 1005.30;   14.8;   81.00;   18.7;   10.7;    7.0;eor
       3126;20250611;    3;   8.8;   2.6;    9;   0.0;   0;-999;   0;   3.6;  11.9; 1010.60;   15.7;   69.00;   20.9;   10.2;    6.6;eor
       3126;20250612;    3;   7.8;   2.1;    9;   0.0;   0;-999;   0;   0.2;  11.3; 1012.80;   18.1;   58.00;   25.3;    8.4;    4.6;eor
       3126;20250613;    3;   9.4;   2.9;    9;   0.0;   0;-999;   0;   0.4;  10.9; 1014.40;   20.6;   46.00;   27.5;   12.2;    8.5;eor
       3126;20250614;    3;   8.6;   2.4;    9;   0.0;   0;-999;   0;   1.1;  13.6; 1010.10;   22.9;   52.00;   31.3;   11.9;    7.9;eor
       3126;20250615;    3;  10.1;   2.2;    9;   3.2;   6;-999;   0;   4.9;  17.9; 1008.00;   21.0;   72.00;   27.0;   16.0;   13.8;eor
       3126;20250616;    3;   8.6;   2.4;    9;   0.0;   0;-999;   0;   5.2;  14.3; 1014.60;   17.8;   71.00;   23.9;   13.1;    9.7;eor
       3126;20250617;    3;   7.8;   1.6;    9;   0.0;   0;-999;   0;   3.1;  15.3; 1014.80;   20.3;   67.00;   27.2;   11.6;    8.2;eor
       3126;20250618;    3;   9.9;   2.0;    9;   0.0;   0;-999;   0;   2.8;  15.8; 1011.60;   22.0;   62.00;   27.5;   15.2;   11.9;eor
       3126;20250619;    3;   9.3;   2.4;    9;   0.0;   0;-999;   0;   2.5;  12.5; 1014.30;   17.9;   63.00;   23.5;   10.2;    7.3;eor
       3126;20250620;    3;   7.0;   1.6;    9;   0.0;   0;-999;   0;   0.3;  10.7; 1016.10;   16.8;   60.00;   24.8;    8.8;    6.8;eor
       3126;20250621;    3;   5.6;   1.2;    9;   0.0;   0;-999;   0;   0.5;  11.2; 1012.90;   20.9;   50.00;   29.4;    9.8;    6.8;eor
       3126;20250622;    3;  10.0;   2.3;    9;   0.4;   6;-999;   0;   2.4;  13.0; 1005.40;   25.0;   45.00;   33.5;   12.6;    9.4;eor
       3126;20250623;    3;  16.2;   4.2;    9;   0.0;   6;-999;   0;   5.0;  15.0;  999.70;   20.8;   61.00;   26.2;   13.7;   11.4;eor
       3126;20250624;    3;  12.9;   4.6;    9;   0.0;   0;-999;   0;   6.9;  12.1; 1001.50;   18.6;   57.00;   24.1;   12.9;   11.0;eor
       3126;20250625;    3;  11.8;   3.5;    9;   0.0;   0;-999;   0;   4.3;  16.9; 1001.50;   22.1;   64.00;   27.8;   16.3;   13.3;eor
       3126;20250626;    3;  15.8;   2.6;    9;   3.7;   6;-999;   0;   5.5;  17.9; 1002.50;   21.6;   71.00;   31.6;   14.8;   12.4;eor
       3126;20250627;    3;   9.6;   3.3;    9;   4.0;   6;-999;   0;   7.5;  15.7; 1010.00;   18.5;   74.00;   20.7;   15.4;   13.7;eor
       3126;20250628;    3;  11.0;   3.0;    9;   0.0;   0;-999;   0;   3.9;  17.6; 1012.50;   22.4;   66.00;   28.8;   14.2;   12.5;eor
       3126;20250629;    3;  10.8;   3.0;    9;   0.0;   0;-999;   0;   2.0;  18.5; 1012.00;   23.6;   64.00;   28.9;   15.4;   11.1;eor
       3126;20250630;    3;   6.5;   1.6;    9;   0.0;   0;-999;   0;   0.8;  10.5; 1012.10;   20.1;   49.00;   28.2;   11.1;    8.5;eor
       3126;20250701;    3;   6.6;   1.5;    9;   0.0;   0;-999;   0;   0.0;  11.4; 1008.00;   24.5;   42.00;   34.4;   12.1;    9.3;eor
       3126;20250702;    3;  14.1;   1.7;    9;   0.4;   6;-999;   0;   0.3;  13.5; 1004.50;   28.2;   40.00;   37.7;   16.4;   12.0;eor
       3126;20250703;    3;  11.8;   2.7;    9;   0.2;   6;-999;   0;   3.8;  13.9; 1011.70;   20.8;   58.00;   24.8;   13.2;    9.9;eor
       3126;20250704;    3;   8.2;   1.7;    9;   0.0;   0;-999;   0;   3.5;  10.6; 1015.30;   18.6;   52.00;   24.8;   11.5;    8.3;eor
       3126;20250705;    3;  11.7;   2.6;    9;   0.2;   6;-999;   0;   5.3;  10.3; 1005.70;   20.8;   44.00;   28.4;   12.1;    8.0;eor
       3126;20250706;    3;  12.6;   3.6;    9;   0.0;   6;-999;   0;   7.1;  12.6;  997.80;   20.9;   52.00;   26.9;   15.7;   13.2;eor
       3126;20250707;    3;   9.2;   2.2;    9;  10.5;   6;-999;   0;   7.4;  15.3;  993.10;   17.8;   76.00;   22.6;   14.2;   13.2;eor
       3126;20250708;    3;   9.8;   2.7;    9;   0.0;   6;-999;   0;   6.3;  12.1; 1000.30;   16.4;   67.00;   20.9;   12.0;   10.5;eor
       3126;20250709;    3;   9.9;   2.6;    9;   0.0;   6;-999;   0;   7.6;  13.8; 1007.20;   17.5;   70.00;   20.9;   13.5;   10.3;eor
       3126;20250710;    3;   8.6;   2.2;    9;   0.0;   0;-999;   0;   6.9;  13.3; 1009.60;   18.9;   63.00;   25.3;   12.9;    9.7;eor
       3126;20250711;    3;  12.1;   2.4;    9;   2.6;   6;-999;   0;   5.0;  13.9; 1006.10;   19.6;   64.00;   25.9;   14.3;   12.0;eor
       3126;20250712;    3;   7.8;   2.3;    9;  12.6;   6;-999;   0;   7.4;  17.4; 1000.50;   17.1;   89.00;   20.1;   15.8;   15.0;eor
       3126;20250713;    3;   7.7;   1.6;    9;   0.1;   6;-999;   0;   5.8;  16.6; 1000.20;   19.2;   77.00;   24.5;   16.0;   13.6;eor
       3126;20250714;    3;   8.4;   1.8;    9;   0.3;   6;-999;   0;   6.0;  16.7; 1002.90;   22.1;   65.00;   27.9;   14.2;   12.2;eor
       3126;20250715;    3;  10.8;   2.4;    9;   7.8;   6;-999;   0;   6.8;  16.7; 1006.00;   19.1;   76.00;   22.9;   15.3;   12.7;eor
       3126;20250716;    3;  11.4;   2.4;    9;   0.1;   6;-999;   0;   6.7;  14.1; 1002.60;   17.9;   70.00;   22.3;   13.7;   11.0;eor
       3126;20250717;    3;  11.7;   3.3;    9;   5.7;   6;-999;   0;   5.6;  16.6; 1003.50;   16.6;   87.00;   18.5;   13.4;   11.0;eor
       3126;20250718;    3;   8.1;   1.6;    9;   0.0;   6;-999;   0;   7.0;  18.5; 1003.90;   19.8;   81.00;   24.1;   15.8;   13.6;eor
       3126;20250719;    3;   7.1;   1.5;    9;   0.0;   0;-999;   0;   2.3;  16.3; 1001.00;   22.3;   65.00;   29.9;   14.3;   11.9;eor
       3126;20250720;    3;  12.2;   1.8;    9;   0.0;   6;-999;   0;   5.6;  17.3;  996.10;   25.0;   57.00;   31.5;   16.5;   14.4;eor
       3126;20250721;    3;   4.7;   1.4;    9;  10.8;   6;-999;   0;   7.7;  18.8;  996.20;   19.5;   83.00;   21.5;   15.8;   14.0;eor
       3126;20250722;    3;  14.4;   3.8;    9;   4.7;   6;-999;   0;   7.0;  16.3;  997.10;   18.4;   78.00;   23.7;   14.5;   12.2;eor
       3126;20250723;    3;  14.5;   5.0;    9;   0.0;   6;-999;   0;   7.6;  16.6;  999.30;   20.5;   69.00;   24.2;   17.1;   15.8;eor
       3126;20250724;    3;   7.4;   2.0;    9;   0.0;   4;-999;   0;   6.3;  16.6; 1002.50;   21.1;   68.00;   26.3;   16.1;   14.1;eor
       3126;20250725;    3;   7.8;   2.0;    9;   0.0;   6;-999;   0;   7.6;  19.0; 1004.80;   20.5;   79.00;   24.5;   17.4;   16.4;eor
       3126;20250726;    3;   7.6;   1.3;    9;   0.0;   0;-999;   0;   6.5;  15.3; 1005.30;   19.7;   68.00;   25.2;   14.9;   12.3;eor
       3126;20250727;    3;   7.3;   1.4;    9;   1.4;   6;-999;   0;   7.7;  17.1; 1001.30;   18.6;   80.00;   24.1;   14.0;   12.0;eor
       3126;20250728;    3;  10.6;   2.5;    9;   0.0;   6;-999;   0;   6.3;  15.7; 1001.90;   18.2;   77.00;   23.0;   15.0;   13.1;eor
       3126;20250729;    3;-999;-999;    9;   0.0;   6;-999;   0;   4.6;  13.4; 1004.50;   17.9;   67.00;   23.0;   13.5;   10.4;eor
       3126;20250730;    3;  10.0;   2.6;    9;   0.1;   6;-999;   0;   4.8;  12.2; 1004.30;   17.6;   62.00;   23.3;   11.9;    8.3;eor
       3126;20250731;    3;  11.5;   3.3;    9;   1.0;   6;-999;   0;   7.8;  14.1; 1002.20;   17.9;   70.00;   21.4;   15.0;   13.4;eor
       3126;20250801;    3;  10.4;   2.4;    3;   1.1;   6;-999;   0;   6.9;  16.0;  999.08;   17.9;   78.88;   23.0;   15.3;   14.0;eor
       3126;20250802;    3;   8.9;   2.9;    3;   0.0;   0;-999;   0;   4.5;  14.6; 1000.80;   18.5;   70.33;   24.1;   14.2;   11.8;eor
       3126;20250803;    3;  11.3;   3.5;    3;   5.9;   6;-999;   0;   6.8;  14.5; 1005.80;   16.5;   77.75;   20.0;   14.0;   11.8;eor
       3126;20250804;    3;  10.5;   3.5;    3;   1.8;   6;-999;   0;   6.1;  15.2; 1005.28;   20.2;   67.04;   25.9;   14.8;   14.1;eor
       3126;20250805;    3;  10.0;   3.1;    3;   0.7;   6;-999;   0;   5.8;  14.9; 1006.10;   18.5;   70.42;   23.0;   12.9;   10.8;eor
       3126;20250806;    3;  10.2;   3.1;    3;   0.0;   0;-999;   0;   2.0;  11.7; 1012.40;   17.1;   62.29;   23.2;   12.0;    9.0;eor
       3126;20250807;    3;   8.7;   1.9;    3;   0.0;   0;-999;   0;   6.8;  12.1; 1008.31;   20.1;   55.29;   27.4;   11.9;    9.1;eor
       3126;20250808;    3;  11.0;   2.5;    3;   0.0;   0;-999;   0;   7.5;  14.8; 1007.65;   22.1;   57.33;   27.9;   16.2;   12.1;eor
       3126;20250809;    3;   8.1;   1.6;    3;   0.0;   0;-999;   0;   1.3;  15.5; 1009.48;   22.3;   61.33;   30.8;   13.5;   10.4;eor
       3126;20250810;    3;   9.1;   2.2;    3;   0.0;   0;-999;   0;   2.0;  13.5; 1015.55;   20.0;   60.21;   26.1;   13.0;    9.1;eor
       3126;20250811;    3;   6.0;   1.2;    3;   0.0;   0;-999;   0;   0.0;  11.5; 1014.80;   20.4;   53.42;   28.9;   10.8;    6.9;eor
       3126;20250812;    3;   7.8;   1.9;    3;   0.0;   0;-999;   0;   1.3;  12.6; 1009.32;   22.9;   50.25;   31.6;   12.5;    8.8;eor
       3126;20250813;    3;   6.0;   1.2;    3;   0.0;   0;-999;   0;   1.0;  14.1; 1006.02;   24.9;   49.04;   34.9;   14.7;   11.4;eor
       3126;20250814;    3;   6.1;   1.4;    3;   0.0;   0;-999;   0;   1.4;  15.8; 1008.26;   26.8;   49.88;   36.0;   15.8;   12.8;eor
       3126;20250815;    3;   9.5;   1.9;    3;   0.0;   0;-999;   0;   1.3;  18.4; 1009.78;   25.9;   56.46;   32.9;   18.4;   15.0;eor
       3126;20250816;    3;   9.2;   2.3;    3;   0.0;   0;-999;   0;   3.1;  15.1; 1011.19;   20.0;   65.67;   25.5;   12.8;   10.5;eor
       3126;20250817;    3;   7.0;   2.0;    3;   0.0;   0;-999;   0;   5.6;  11.9; 1010.13;   16.8;   63.92;   23.6;   12.1;    8.4;eor
       3126;20250818;    3;   5.3;   1.5;    3;   0.0;   0;-999;   0;   0.7;  12.2; 1010.35;   19.3;   58.08;   26.6;   10.0;    5.9;eor
       3126;20250819;    3;   5.5;   1.2;    3;   0.0;   0;-999;   0;   0.0;  13.2; 1004.52;   21.2;   56.25;   29.0;   12.0;    8.1;eor
       3126;20250820;    3;   8.3;   2.3;    3;   0.0;   0;-999;   0;   2.5;  13.7; 1001.21;   19.3;   63.29;   25.0;   13.2;   11.5;eor
       3126;20250821;    3;   9.1;   2.5;    3;   0.0;   0;-999;   0;   2.0;  10.3; 1001.00;   18.3;   51.29;   24.4;   11.4;    8.3;eor
       3126;20250822;    3;  10.0;   2.5;    3;   0.0;   0;-999;   0;   4.9;  10.5; 1005.40;   15.2;   61.75;   19.2;   10.1;    7.2;eor
       3126;20250823;    3;  14.2;   2.9;    3;   0.9;   6;-999;   0;   5.2;  11.2; 1006.04;   14.6;   68.42;   19.9;   10.8;    8.1;eor
       3126;20250824;    3;   9.4;   2.4;    3;   0.0;   6;-999;   0;   3.2;  10.6; 1009.49;   13.8;   68.83;   20.4;    8.1;    3.3;eor
       3126;20250825;    3;   8.7;   2.1;    3;   0.0;   0;-999;   0;   4.6;  10.3; 1007.83;   15.5;   61.63;   22.6;    8.5;    3.4;eor
       3126;20250826;    3;   6.6;   1.5;    3;   0.0;   6;-999;   0;   5.6;  11.7; 1003.17;   18.3;   58.38;   25.8;    9.6;    6.1;eor
       3126;20250827;    3;  12.9;   2.1;    3;   2.8;   6;-999;   0;   4.9;  14.2;  998.72;   22.9;   52.79;   30.8;   16.4;   14.4;eor
       3126;20250828;    3;   5.5;   1.5;    3;   4.8;   6;-999;   0;   7.5;  19.9;  995.33;   19.0;   90.21;   22.0;   16.4;   14.8;eor
       3126;20250829;    3;   4.9;   1.2;    3;   0.8;   6;-999;   0;   5.8;  17.5;  993.83;   18.1;   84.75;   21.9;   14.1;   10.9;eor
       3126;20250830;    3;   7.8;   2.0;    3;   0.0;   0;-999;   0;   5.0;  14.7;  997.85;   18.5;   71.79;   24.5;   13.9;   10.8;eor
       3126;20250831;    3;   8.9;   2.2;    3;   0.0;   0;-999;   0;   1.1;  13.8; 1001.50;   19.8;   62.58;   27.4;   11.4;    8.1;eor
       3126;20250901;    3;  10.6;   2.3;    3;   0.0;   6;-999;   0;   4.8;  15.0;  999.00;   19.5;   67.75;   27.6;   13.9;   10.5;eor
       3126;20250902;    3;  10.1;   1.3;    3;   0.0;   6;-999;   0;   6.3;  15.3;  999.71;   19.5;   69.21;   24.6;   14.6;    9.9;eor
       3126;20250903;    3;  11.8;   3.5;    3;   0.0;   0;-999;   0;   3.5;  14.0; 1000.70;   19.5;   63.25;   25.4;   11.9;    7.8;eor
       3126;20250904;    3;  10.0;   3.1;    3;  14.3;   6;-999;   0;   4.2;  14.8; 1002.07;   22.6;   56.08;   28.5;   15.1;   11.7;eor
       3126;20250905;    3;   9.6;   2.2;    3;   0.1;   6;-999;   0;   5.0;  15.9; 1008.01;   18.1;   77.29;   22.5;   12.6;    9.8;eor
       3126;20250906;    1;   5.6;   1.4;    1;   0.0;   0;-999;   0;   1.3;  13.3; 1014.35;   16.9;   71.58;   23.8;   10.5;    7.9;eor
       3126;20250907;    1;   8.0;   2.1;    1;   0.0;   0;-999;   0;   2.3;  12.5; 1011.37;   17.6;   65.46;   24.3;    9.9;    7.2;eor
       3126;20250908;    1;   8.1;   1.6;    1;   0.0;   0;-999;   0;   3.1;  13.0; 1007.79;   17.4;   68.08;   25.2;    9.8;    6.9;eor
       3126;20250909;    1;   5.9;   1.5;    1;   0.0;   0;-999;   0;   4.0;  15.3; 1004.69;   17.5;   77.04;   23.2;    9.8;    7.2;eor
       3126;20250910;    1;   5.7;   1.6;    1;   0.0;   6;-999;   0;   5.3;  15.1; 1000.07;   17.7;   75.21;   22.5;   13.4;   10.2;eor
       3126;20250911;    1;  13.4;   3.3;    1;   4.9;   6;-999;   0;   4.0;  14.1;  997.35;   15.9;   78.42;   22.6;   10.4;    6.6;eor
       3126;20250912;    1;  10.8;   3.5;    1;   1.5;   6;-999;   0;   5.1;  12.5; 1005.39;   15.4;   72.58;   20.6;   10.8;    7.0;eor
       3126;20250913;    1;   9.2;   2.4;    1;   0.3;   6;-999;   0;   5.8;  12.2; 1006.80;   15.3;   71.54;   21.9;    9.0;    5.6;eor
       3126;20250914;    1;  10.1;   2.4;    1;   6.5;   6;-999;   0;   4.4;  11.9; 1003.68;   15.5;   69.13;   20.2;   11.3;    7.3;eor
       3126;20250915;    1;  14.6;   4.1;    1;   5.5;   6;-999;   0;   4.9;  13.8;  998.47;   17.7;   68.92;   22.7;   12.3;   10.9;eor
       3126;20250916;    1;  16.6;   5.7;    1;   0.9;   6;-999;   0;   6.6;  11.4; 1002.61;   16.0;   63.79;   19.9;   12.9;   11.4;eor
       3126;20250917;    1;  11.3;   4.4;    1;   0.3;   6;-999;   0;   6.7;  12.1; 1008.99;   15.7;   68.29;   19.8;   12.4;   10.5;eor
       3126;20250918;    1;  12.1;   3.9;    1;   0.0;   0;-999;   0;   7.2;  16.4; 1010.10;   18.7;   76.17;   23.2;   14.7;   14.0;eor
       3126;20250919;    1;   6.9;   2.2;    1;   0.0;   0;-999;   0;   4.3;  16.8; 1012.87;   20.5;   70.83;   26.9;   15.6;   11.2;eor
       3126;20250920;    1;   7.4;   2.3;    1;   0.0;   0;-999;   0;   2.3;  14.9; 1004.95;   22.5;   58.96;   31.6;   12.2;    7.6;eor
       3126;20250921;    1;  11.8;   3.2;    1;   4.0;   6;-999;   0;   7.1;  15.5; 1002.68;   19.2;   69.79;   24.0;   12.4;   11.0;eor
       3126;20250922;    1;   7.7;   2.0;    1;   0.0;   0;-999;   0;   6.1;  10.3; 1010.11;   11.8;   75.13;   15.5;    6.1;    2.5;eor
       3126;20250923;    1;   7.7;   1.9;    1;   0.0;   0;-999;   0;   2.3;   9.1; 1014.33;   11.0;   70.92;   17.5;    4.6;    1.2;eor
       3126;20250924;    1;  13.5;   3.5;    1;   0.0;   0;-999;   0;   0.5;   8.5; 1016.14;   11.8;   63.50;   17.4;    4.6;    0.7;eor
       3126;20250925;    1;  12.1;   4.1;    1;   0.2;   6;-999;   0;   6.8;   8.0; 1015.22;   11.3;   60.13;   14.1;    8.6;    6.5;eor
       3126;20250926;    1;   9.9;   3.0;    1;   0.4;   6;-999;   0;   6.9;   9.5; 1014.63;   12.9;   64.42;   16.0;   10.8;   10.1;eor
       3126;20250927;    1;   6.7;   2.0;    1;   0.0;   6;-999;   0;   7.9;  12.2; 1013.10;   15.2;   71.00;   18.0;   13.1;   12.3;eor
       3126;20250928;    1;   5.9;   1.6;    1;   0.0;   0;-999;   0;   3.6;  11.3; 1013.11;   15.0;   66.75;   21.6;    8.5;    4.2;eor
       3126;20250929;    1;   7.2;   1.6;    1;   0.0;   0;-999;   0;   0.9;   8.9; 1013.30;   11.3;   69.42;   18.7;    4.2;    0.7;eor
       3126;20250930;    1;   7.6;   2.1;    1;   0.0;   0;-999;   0;   2.0;   8.4; 1016.26;   10.4;   69.17;   16.9;    3.8;   -0.3;eor
       3126;20251001;    1;   6.1;   1.4;    1;   0.0;   0;-999;   0;   5.4;   8.4; 1021.73;    8.1;   78.63;   13.2;    2.0;   -2.1;eor
       3126;20251002;    1;   5.6;   1.3;    1;   0.0;   0;-999;   0;   0.2;   8.1; 1020.29;    8.2;   76.96;   15.8;    1.3;   -2.2;eor
       3126;20251003;    1;   8.9;   2.2;    1;   0.1;   6;-999;   0;   2.0;   7.5; 1012.57;    9.1;   68.46;   16.6;    1.0;   -3.2;eor
       3126;20251004;    1;  13.7;   4.0;    1;   4.8;   6;-999;   0;   6.3;  10.0;  991.41;   11.0;   75.25;   14.1;    8.5;    7.1;eor
       3126;20251005;    1;  14.1;   5.8;    1;   0.0;   6;-999;   0;   6.4;  10.1;  996.46;   11.9;   72.21;   15.3;    9.2;    6.7;eor
       3126;20251006;    1;  12.7;   4.3;    1;   0.6;   6;-999;   0;   7.0;  12.2; 1007.15;   12.5;   83.75;   14.4;   10.5;    8.8;eor
       3126;20251007;    1;   6.7;   1.7;    1;   4.6;   6;-999;   0;   7.8;  14.5; 1013.36;   14.4;   88.21;   16.9;   12.6;   11.6;eor
       3126;20251008;    1;   5.8;   1.7;    1;   0.4;   6;-999;   0;   8.0;  15.2; 1010.84;   14.5;   91.75;   16.2;   12.7;   11.3;eor
       3126;20251009;    1;   6.8;   2.1;    1;   0.0;   6;-999;   0;   7.8;  12.5; 1013.14;   13.3;   81.67;   15.6;   10.5;    7.4;eor
       3126;20251010;    1;  11.3;   3.4;    1;   0.2;   6;-999;   0;   7.2;  13.0; 1018.30;   14.0;   80.92;   15.3;   12.4;   11.1;eor
       3126;20251011;    1;   9.6;   2.8;    1;   0.0;   0;-999;   0;   7.9;  13.1; 1020.64;   14.4;   79.79;   15.7;   12.5;   10.5;eor
       3126;20251012;    1;   9.0;   2.7;    1;   0.0;   6;-999;   0;   7.7;  12.7; 1017.37;   13.5;   82.08;   15.3;   11.3;    8.2;eor
       3126;20251013;    1;   5.2;   1.5;    1;   0.0;   0;-999;   0;   5.6;  11.3; 1016.38;   12.2;   79.79;   17.1;    5.7;    2.1;eor
       3126;20251014;    1;   7.7;   1.7;    1;   0.1;   6;-999;   0;   6.4;  11.8; 1014.07;   10.9;   89.88;   14.1;    5.2;    1.7;eor
       3126;20251015;    1;   6.1;   1.5;    1;   0.7;   6;-999;   0;   7.6;  12.0; 1014.94;   12.3;   83.79;   15.6;   11.0;   10.2;eor
       3126;20251016;    1;   8.6;   2.5;    1;   1.5;   6;-999;   0;   7.3;  12.3; 1011.69;   11.7;   89.21;   14.0;    9.8;    7.5;eor
       3126;20251017;    1;   7.5;   2.1;    1;   2.5;   6;-999;   0;   7.4;  11.4; 1011.12;   11.0;   87.21;   13.1;    7.4;    5.0;eor
       3126;20251018;    1;   5.3;   1.3;    1;   0.0;   0;-999;   0;   0.8;   7.1; 1016.98;    6.1;   77.17;   12.2;    0.5;   -2.9;eor
       3126;20251019;    1;   7.6;   2.3;    1;   0.0;   0;-999;   0;   4.7;   6.6; 1009.10;    5.0;   76.54;   11.1;   -0.1;   -3.2;eor
       3126;20251020;    1;  10.0;   3.2;    1;   3.9;   6;-999;   0;   6.6;   9.0;  995.01;    9.0;   77.54;   14.3;    3.8;    1.6;eor
       3126;20251021;    1;  11.8;   3.9;    1;   0.0;   6;-999;   0;   6.8;  11.3;  988.27;   12.8;   76.75;   16.9;    9.2;    6.2;eor
       3126;20251022;    1;   6.9;   2.0;    1;   0.2;   6;-999;   0;   7.5;  12.2;  989.21;   12.6;   84.29;   17.3;    8.1;    4.4;eor
       3126;20251023;    1;  13.0;   4.0;    1;   0.7;   6;-999;   0;   7.8;  12.5;  978.22;   13.5;   80.42;   16.5;   11.3;    9.7;eor
       3126;20251024;    1;  17.9;   5.4;    1;   0.0;   0;-999;   0;   6.4;   8.3;  986.93;   10.7;   64.75;   13.0;    8.2;    5.6;eor
       3126;20251025;    1;  12.7;   4.5;    1;   0.3;   6;-999;   0;   6.8;   9.0;  987.12;   10.1;   72.46;   12.9;    7.7;    4.8;eor
       3126;20251026;    1;  20.7;   6.5;    1;   2.9;   6;-999;   0;   5.3;   8.0;  987.48;    7.8;   75.54;    9.9;    5.0;    2.8;eor
       3126;20251027;    1;  15.2;   5.4;    1;   1.7;   6;-999;   0;   5.9;   8.5;  985.82;    8.3;   77.58;   11.7;    5.9;    4.0;eor
       3126;20251028;    1;  14.0;   4.7;    1;   3.9;   6;-999;   0;   4.7;   9.5;  993.47;    9.2;   80.92;   11.9;    6.7;    2.8;eor
       3126;20251029;    1;   8.5;   3.2;    1;   1.6;   6;-999;   0;   6.5;  10.0;  995.98;   10.8;   77.21;   15.6;    7.4;    3.7;eor
       3126;20251030;    1;  16.2;   4.5;    1;   1.5;   6;-999;   0;   4.6;   9.8;  995.16;   10.4;   77.13;   12.8;    4.4;    0.1;eor
       3126;20251031;    1;   7.7;   2.0;    1;   0.0;   0;-999;   0;   5.9;   8.4; 1004.96;    7.1;   83.42;   12.7;    1.3;   -1.7;eor
       3126;20251101;    1;   5.9;   2.2;    1;   7.4;   6;-999;   0;   4.8;  11.6; 1001.65;   10.5;   90.13;   14.4;    5.1;    1.4;eor
       3126;20251102;    1;   6.9;   1.7;    1;   0.0;   6;-999;   0;   7.5;  11.4; 1001.47;   10.4;   89.96;   13.8;    8.2;    4.7;eor
       3126;20251103;    1;  10.2;   3.6;    1;   0.0;   0;-999;   0;   5.7;   9.5; 1007.58;   10.7;   73.88;   13.2;    9.0;    6.7;eor
       3126;20251104;    1;   8.2;   3.3;    1;   0.0;   0;-999;   0;   7.8;  10.7; 1011.05;   11.9;   76.75;   15.5;    8.3;    5.4;eor
       3126;20251105;    1;   7.3;   2.1;    1;   0.0;   0;-999;   0;   5.0;   9.5; 1008.55;   10.7;   75.13;   18.9;    5.8;    1.4;eor
       3126;20251106;    1;   7.3;   2.3;    1;   0.0;   0;-999;   0;   1.2;   8.4; 1003.13;    7.1;   83.96;   12.8;    3.1;   -0.4;eor
       3126;20251107;    1;   4.2;   1.1;    1;   0.0;   0;-999;   0;   2.0;   7.1; 1001.60;    3.9;   88.21;   11.7;   -1.0;   -3.5;eor
       3126;20251108;    1;   3.5;   1.1;    1;   0.1;   6;-999;   0;   7.8;   8.0; 1004.06;    4.0;   96.88;    6.6;   -0.5;   -2.8;eor
       3126;20251109;    1;   3.5;   1.1;    1;   0.7;   6;-999;   0;   7.7;  10.2; 1005.63;    8.6;   91.25;   10.8;    5.8;    2.8;eor
       3126;20251110;    1;   5.0;   1.4;    1;   0.5;   6;-999;   0;   4.6;  10.2; 1004.83;    8.8;   89.54;   13.1;    3.4;   -1.0;eor
       3126;20251111;    1;   5.8;   1.8;    1;   0.8;   6;-999;   0;   6.8;   9.4; 1003.93;    7.7;   89.46;   12.1;    3.5;   -0.3;eor
       3126;20251112;    1;   7.9;   2.5;    1;   0.0;   0;-999;   0;   5.8;   9.3; 1004.03;    8.2;   85.00;   12.8;    3.7;   -0.2;eor
       3126;20251113;    1;   7.9;   2.4;    1;   0.0;   6;-999;   0;   6.3;  10.6; 1000.79;   12.4;   73.92;   18.0;    6.3;    2.0;eor
       3126;20251114;    1;   6.6;   1.7;    1;   3.2;   6;-999;   0;   7.1;  11.3;  999.10;   10.9;   87.04;   12.9;    8.1;    7.5;eor
       3126;20251115;    1;   8.3;   3.0;    1;   6.8;   6;-999;   0;   7.9;   9.2; 1003.15;    6.7;   94.00;    8.1;    6.0;    5.5;eor
       3126;20251116;    1;   6.3;   1.7;    1;   4.7;   6;-999;   0;   7.8;   9.5;  996.13;    6.7;   96.38;    9.8;    4.1;    2.2;eor
       3126;20251117;    1;   8.3;   2.3;    1;   0.5;   6;-999;   0;   5.6;   7.0;  998.74;    3.7;   88.13;    6.3;    1.3;   -0.8;eor
